Comp_ID  65 65 77 78 79 80 81 82 83 85 86 132 135 136 139 145 162 163 164 167 170 171 172 173 174 175 176 177 178 210 211 212 213 214 215 216 218 219 220 221 222 223 225 226 230 231 233 234 235 236 237 238 239 240
ZINCkN000000yyUh  -1.0409 0.1640 -10.2922 -0.1510 -0.0390 -3.0527 -0.4930 -0.0530 -0.7664 -0.0730 -0.1109 -0.0200 -0.0040 -0.0800 -0.0110 -0.0350 -0.0210 -0.7405 -1.0920 -1.9179 -0.0760 -0.0340 -0.7996 -2.9717 -0.0280 -0.0410 -0.6551 -0.0687 -0.0300 -0.4167 -0.0430 -0.0220 -0.5747 -3.5898 -0.0280 -3.1787 -0.1973 -0.0260 -0.0020 -3.2553 -0.0460 -0.0240 -0.0120 -0.1590 -0.0960 0.0270 -15.2102 -0.2032 -0.0250 -0.8694 -1.4444 -0.0390 -0.0330 -0.4498
ZINClA000002pwTN  -0.3427 0.1950 -4.8480 -0.0930 0.0040 -2.5613 -0.0639 -0.0240 -0.2794 -0.0230 -0.0170 -0.0080 -0.0100 -0.0620 -0.0140 -0.0460 -0.0500 -1.4245 -1.5390 -2.6298 -0.0790 -0.0180 -0.1244 -2.8131 -0.0410 -0.0140 -0.1253 -0.1099 -0.0370 -1.7239 -0.0840 -0.0310 -0.9010 -2.2806 -0.0690 -0.1588 -0.2595 -0.0240 -0.0120 -6.0743 -0.0510 -0.0280 -0.0330 -0.6717 -0.1120 0.0050 -19.4776 -0.1890 -0.0290 -1.6232 -2.1821 -0.0910 -0.0469 -0.7203
ZINClC000002MBQJ  -0.3720 0.1646 -4.9844 -0.2141 -0.0360 -2.6486 -1.1254 -0.0975 -1.1538 -0.1181 -0.2678 -0.0300 -0.0180 -0.0807 -0.0060 -0.0140 -0.0070 -0.0830 -0.0270 -1.4154 -0.0610 -0.0380 -1.6698 -2.3159 -0.0510 -0.0590 -1.2741 -0.1110 -0.0161 -1.7003 -0.1317 -0.0600 -1.6424 -4.9101 -0.0660 -0.8213 -0.4964 -0.0210 -0.0300 -1.7804 -0.0060 -0.0120 -0.0040 -0.0770 -0.0740 -0.1256 -18.7392 -0.1650 -0.0470 -1.7979 -1.2402 -0.0760 -0.0070 -0.4558
ZINClH000003A0k1  -0.5539 0.1786 -4.2535 -0.1170 0.0120 -2.4644 -0.0470 -0.0290 -0.2333 -0.0180 0.0070 -0.0060 -0.0240 -0.1466 -0.0280 -0.2158 -0.0190 -1.7065 -0.3103 -2.8224 -0.0690 -0.0070 -0.4193 -2.3012 -0.0580 -0.0020 -0.1223 -0.1388 -0.0686 -2.1503 -0.1480 0.0000 -0.6245 -4.0697 -0.0630 -0.2461 -0.1666 -0.0290 -0.0100 -5.6420 -0.1090 -0.0470 -0.0320 -0.8175 -0.1090 0.0262 -26.2074 -0.2049 -0.0765 -1.4834 -0.6139 -0.0540 -0.0250 -0.4707
ZINClI000003MXqT  -0.3782 -0.0480 -2.3787 -0.1060 -0.0670 -2.3345 -1.0759 -0.1105 -0.7933 -0.1460 -0.1626 -0.0220 -0.0150 -0.0660 -0.0050 -0.0080 -0.0050 -0.1680 -0.0480 -1.2004 -0.1040 -0.0360 -1.5945 -4.9619 -0.0680 -0.0350 -1.1240 -0.2422 -0.0340 -2.2371 -0.0930 -0.0580 -1.0545 -2.0361 -0.1302 -0.6043 -0.7675 -0.0340 -0.0020 -4.4710 -0.0170 -0.0100 -0.0060 -0.1150 -0.0520 -0.0894 -2.8034 -0.2257 -0.0540 -0.8728 -1.0653 -0.0640 -0.0600 -0.3773
ZINClP000001gDUO  -0.9351 0.0871 -8.4024 -0.1210 -0.0270 -3.5411 -0.2941 -0.0380 -0.3327 -0.0530 -0.0851 -0.0200 -0.0020 -0.0700 -0.0110 -0.0290 -0.0160 -0.7834 -1.1255 -2.3047 -0.0870 -0.0420 -0.9530 -3.8915 -0.0380 -0.0390 -0.7568 -0.2115 -0.0390 -1.3145 -0.0590 -0.0210 -0.4091 -2.4128 -0.0440 -3.5023 -0.4465 -0.0340 -0.0240 -4.1086 -0.0590 -0.0210 -0.0110 -0.1250 -0.0790 -0.0420 -12.6243 -0.1800 -0.0410 -0.8959 -1.4321 -0.0370 -0.0420 -0.4041
ZINClq0000009ITP  -0.1115 0.0160 -1.2743 -0.0150 -0.0120 -0.5979 -0.0500 -0.0110 -1.6110 -0.0280 -0.0260 -0.0110 0.0010 -0.0200 -0.0060 -0.0200 -0.0170 -0.3839 -0.3440 -1.4273 -0.0390 -0.0320 -0.1342 -2.8743 -0.0290 -0.0240 -0.2537 -0.0400 -0.0520 -1.4085 -0.0870 -0.0250 -0.9787 -3.7714 -0.1218 -0.7701 -0.2754 -0.0260 -0.0440 -5.1608 -0.0160 -0.0220 -0.0120 -0.2069 -0.0570 -0.0714 -15.8196 -0.0830 -0.0580 -1.9873 -0.6949 -0.0590 0.0110 -0.7216
ZINClr000000qzeg  -0.6485 0.3230 -9.0843 -0.2210 0.0090 -3.0402 -0.1032 -0.0370 -0.6039 -0.0300 -0.0320 -0.0060 -0.0330 -0.1092 -0.0110 -0.0320 -0.0220 -0.6534 -0.1120 -2.3546 -0.0980 -0.0090 -0.8756 -2.0680 -0.0280 -0.0220 -0.2616 -0.1259 -0.0549 -1.4550 -0.1223 -0.0240 -0.7600 -4.0173 -0.0340 -0.1210 -0.1313 -0.0140 -0.0530 -3.2130 -0.0040 -0.0020 -0.0110 -0.3194 -0.0240 -0.1610 -8.0942 -0.1471 -0.0474 -0.9332 -2.3838 -0.0980 -0.0010 -0.4190
ZINCmA000003uKpl  -0.8376 0.1489 -9.9025 -0.1790 0.0140 -3.1824 -0.3448 -0.0540 -0.3655 -0.0450 0.0047 -0.0070 -0.0280 -0.0820 -0.0040 -0.0200 -0.0170 -0.3927 -0.1577 -1.8675 -0.0780 -0.0120 -0.4728 -3.6840 -0.0640 -0.0060 -0.6540 -0.3309 -0.0480 -1.7471 -0.1540 -0.0120 -0.4949 -3.1910 -0.1103 -0.2764 -0.6844 -0.0230 -0.0590 -4.5830 -0.0240 -0.0130 -0.0090 -0.1080 -0.0640 -0.0800 -11.1327 -0.1340 -0.0620 -0.6873 -1.2927 -0.0340 -0.0250 -0.2212
ZINCmC000001rCj1  -0.0880 0.0660 -0.5291 -0.0280 -0.0130 -1.1548 -0.0550 -0.0130 -0.4987 -0.0210 -0.0150 -0.0070 -0.0050 -0.0540 -0.0070 -0.0310 -0.0170 -0.7403 -1.5238 -1.7781 -0.0930 -0.0240 -0.1793 -2.7667 -0.0440 -0.0090 -0.0805 -0.1916 -0.0330 -1.9416 -0.1130 -0.0280 -0.6170 -2.3493 -0.1340 -3.5538 -1.6988 -0.0880 -0.0120 -4.9784 -0.4380 -0.0340 -0.0130 -0.1695 -0.0580 0.0530 -4.6272 -0.0650 -0.0220 -1.2611 -0.9468 -0.0563 -0.0410 -0.7356
ZINCmI000002Ocip  -0.6968 0.2488 -8.8126 -0.1240 0.0200 -1.7355 -0.0480 -0.0210 -0.6001 -0.0190 -0.0140 -0.0040 -0.0190 -0.0930 -0.0110 -0.0400 -0.0270 -0.8066 -0.2993 -2.3013 -0.0770 -0.0110 -0.0492 -2.3859 -0.0240 -0.0210 -0.1283 -0.0200 -0.0510 -1.8625 -0.1150 -0.0370 -1.1121 -4.4061 -0.1390 -0.4582 -0.5890 -0.0360 0.0150 -4.7194 -0.0380 -0.0110 -0.0160 -0.3057 -0.1370 0.0930 -18.9828 -0.2172 -0.0660 -2.0266 -1.5121 -0.0630 -0.0800 -0.7154
ZINCmJ000002XPEo  -0.6120 0.1550 -8.6870 -0.1290 -0.0180 -2.5347 -0.0510 -0.0330 -0.1841 -0.0280 -0.0250 -0.0080 -0.0110 -0.0810 -0.0080 -0.0110 -0.0090 -0.5007 -0.0760 -1.9192 -0.1270 -0.0070 -0.1073 -2.7355 -0.0560 -0.0140 -0.1249 -0.1763 -0.0330 -1.4367 -0.0560 -0.0980 -1.4407 -2.3931 -0.1235 -2.0203 -1.8969 -0.0580 -0.1260 -3.9956 -0.0570 -0.0560 -0.0070 -0.0479 -0.0240 -0.7786 -5.7349 -0.2429 -0.1500 -2.2811 -2.2132 -0.0802 -0.1459 -0.6970
ZINCmM0000020vRz  -0.6138 0.2439 -7.8054 -0.1709 -0.0820 -5.9339 -1.6631 -0.0717 -1.6587 -0.2058 -0.3434 -0.0410 0.0180 -0.1320 -0.0060 -0.0120 -0.0040 -0.5760 -0.0310 -1.4619 -0.0890 -0.0560 -1.9410 -3.8857 -0.0962 -0.0440 -0.9572 -0.3730 -0.0438 -3.3102 -0.1762 -0.1040 -1.7915 -1.4811 -0.1050 -3.1588 -0.1951 -0.0180 -0.0390 -0.6193 -0.0090 -0.0150 -0.0040 -0.0590 -0.0780 0.0415 -8.4660 -0.2762 -0.1750 -2.4447 -1.4595 -0.1241 -0.1630 -0.5297
ZINCmO000002g40N  -0.1721 0.1220 -1.7860 -0.0570 -0.0150 -1.2419 -0.0290 -0.0160 -0.2188 -0.0070 -0.0290 -0.0080 -0.0100 -0.0720 -0.0080 -0.0620 -0.0380 -1.2796 -0.1725 -2.1038 -0.0950 -0.0150 -0.0827 -2.3016 -0.0270 -0.0240 -0.2187 -0.0260 -0.1016 -1.7586 -0.0620 -0.0220 -0.8913 -5.7994 -0.0680 -0.2743 -0.3579 -0.0460 -0.0150 -5.9324 -0.0710 -0.0520 -0.0260 -0.8371 -0.0860 0.0470 -18.0888 -0.0680 -0.0450 -1.7699 -0.8154 -0.0230 -0.0800 -0.7065
ZINCmP000002jPjk  -0.9545 0.2342 -6.7289 -0.3982 -0.0430 -3.4272 -1.8767 -0.1166 -0.3767 -0.1827 0.0057 -0.1250 0.1828 -0.1512 -0.0040 -0.0240 -0.0030 -0.3680 -0.0530 -1.5094 -0.0890 -0.1250 -1.6971 -5.3051 -0.0880 -0.0350 -1.0778 -0.1648 -0.0320 -1.1298 -0.0560 -0.0590 -1.1732 -1.9089 -0.0786 -1.0526 -2.8718 -0.0750 0.0640 -3.1036 -0.0750 -0.0510 -0.0040 -0.2970 -0.1840 -0.2134 -25.5417 -0.2592 0.0260 -0.9888 -1.2008 -0.0370 -0.0500 -0.1493
ZINCmS000002AICB  -0.3684 0.0316 -1.4286 -0.0677 -0.0590 -3.7849 -0.3345 -0.0998 -1.1499 -0.1370 -0.1864 -0.0280 0.0030 -0.0997 -0.0050 -0.0090 -0.0010 -0.3010 -0.0460 -0.9570 -0.0980 -0.0430 -1.7992 -3.0980 -0.0580 -0.0630 -0.9989 -0.3465 -0.0330 -2.7828 -0.1479 -0.0720 -1.4155 -0.8166 -0.0790 -0.7366 -1.6555 -0.0440 -0.0050 -2.0119 -0.0410 -0.0040 -0.0060 -0.1500 -0.0980 -0.0767 -21.1971 -0.3136 -0.1029 -1.8553 -1.2750 -0.1149 -0.0530 -0.5156
ZINCmu0000013HZJ  -0.3967 0.4410 -7.0461 -0.1660 -0.0170 -1.9521 -0.6039 -0.0833 -0.5636 -0.0809 -0.2593 -0.0020 -0.0570 -0.1320 -0.0040 -0.0580 -0.0380 -1.1326 -0.6687 -1.7909 -0.1030 -0.0080 -0.8736 -3.1730 -0.0470 -0.0520 -1.7547 -0.1030 -0.0090 -0.5382 -0.0350 -0.0070 -0.0819 -3.1487 -0.0240 -0.1250 -0.1080 -0.0240 -0.0450 -6.3308 -0.1516 -0.1659 -0.3425 -0.9923 -0.1910 0.1060 -18.6310 -0.2065 0.0400 -0.4669 -1.3810 -0.0330 0.0010 -0.0534
ZINCnA000000EKaS  -0.3263 0.0035 -12.1675 -0.1710 0.0210 -2.6291 -0.0889 -0.0500 -0.8534 -0.0340 0.0530 -0.0010 -0.0410 -0.3297 -0.1128 -0.9520 -0.1503 -2.2866 -0.0930 -3.0622 -0.0830 0.0070 -0.5167 -2.1149 -0.0660 0.0100 -0.4469 -0.2932 -0.0360 -1.5176 -0.1300 -0.0150 -0.7692 -3.5869 -0.0400 -0.1296 -0.1498 -0.0180 -0.0120 -3.4267 -0.0260 -0.0320 -0.0400 -1.0586 -0.0630 -0.0970 -16.1385 -0.0860 -0.0660 -1.8371 -2.0417 -0.0790 0.0050 -0.6808
ZINCnA000000wiZc  -0.7128 0.3441 -8.9678 -0.1340 -0.0120 -3.0412 -0.4635 -0.0200 -0.5372 -0.0710 -0.1153 -0.0190 -0.0040 -0.0970 -0.0150 -0.0895 -0.0720 -3.6162 -1.3320 -3.0068 -0.0820 -0.0450 -1.2005 -4.1535 -0.1266 -0.0200 -0.9062 -0.7843 -0.0120 -0.8401 -0.0950 -0.0170 -0.0399 -1.6025 -0.0740 -0.1280 -0.1110 -0.0190 -0.0440 -5.3622 -0.0360 -0.0460 -0.0460 -0.7176 -0.1410 0.0416 -19.0434 -0.2296 0.0100 -0.4767 -1.1738 -0.0390 -0.0110 -0.0610
ZINCnA000005bqc8  -0.1950 0.1940 -4.4073 -0.1060 -0.0030 -2.5545 -0.0300 -0.0250 -0.3651 -0.0160 -0.0010 -0.0030 -0.0250 -0.0840 -0.0090 -0.0370 -0.0470 -1.7756 -1.1294 -2.7404 -0.0940 -0.0020 0.0610 -3.5261 -0.0570 -0.0090 -0.1900 -0.0852 -0.0730 -1.9341 -0.1270 -0.0030 -0.7173 -2.4666 -0.1060 -0.1312 -1.0397 -0.0530 -0.0670 -4.8286 -0.0690 -0.0120 -0.0190 -0.4155 -0.0580 -0.0930 -16.5055 -0.0980 -0.0300 -1.7933 -1.8780 -0.0690 0.0429 -0.6391
ZINCnA000005djBH  -0.2663 0.1300 -3.6419 -0.2857 -0.0670 -3.0687 -0.7761 -0.0496 -2.0175 -0.5465 -1.7639 -0.0130 -0.1546 -0.6680 -0.0150 -0.0120 -0.0060 -0.2244 -0.0370 -1.7953 -0.1070 -0.0320 -1.3713 -3.9533 -0.0620 -0.1670 -2.9402 -0.1366 -0.0550 -2.5634 -0.1581 -0.0200 -0.9584 -3.2826 -0.0970 -0.2274 -0.0960 -0.0150 0.0150 -4.7098 -0.0090 -0.0010 -0.0040 -0.1130 -0.0690 0.0520 -16.7202 -0.1360 -0.0550 -2.7098 -2.1319 -0.1169 0.0061 -0.7957
ZINCnB000000J516  -0.8726 0.3280 -8.5078 -0.1310 -0.0120 -3.3154 -0.3110 -0.0530 -0.5211 -0.0500 0.0339 -0.0110 -0.0190 -0.0580 -0.0010 -0.0210 -0.0070 -0.5305 -0.0370 -1.1936 -0.0580 -0.0230 -0.6410 -3.6232 -0.0908 0.0110 -0.7117 -0.2800 -0.0480 -1.4441 -0.1400 -0.0510 -1.5918 -5.2695 -0.2619 -1.0276 -1.7583 -0.1098 -0.0480 -2.3880 -0.0410 -0.0140 -0.0060 -0.1380 -0.1170 -0.3343 -6.5697 -0.2666 -0.0340 -2.0307 -2.5338 -0.0710 -0.0344 -0.5844
ZINCnB000000QtFu  -0.7909 0.4077 -7.8360 -0.3079 0.0400 -4.1528 -0.6561 -0.1128 -0.2741 -0.0651 0.0195 -0.0140 -0.0470 -0.0810 0.0010 -0.0190 0.0000 -0.1480 -0.0300 -1.0677 -0.0490 -0.0400 -1.6888 -4.5184 -0.0987 -0.0050 -0.7815 -1.0807 -0.0110 -1.9378 -0.0710 -0.0840 -1.6947 -2.3037 -0.0633 -1.0160 -0.1737 -0.0150 0.0020 -4.8440 -0.0090 -0.0010 -0.0040 -0.1820 -0.1530 0.0896 -19.0601 -0.3059 -0.1050 -2.3907 -1.8600 -0.0820 -0.1110 -0.4383
ZINCnC0000015Hdj  -0.3458 0.2640 -7.4467 -0.1250 0.0130 -3.2111 -0.0797 -0.0290 -0.4687 -0.0310 -0.0250 -0.0070 -0.0170 -0.0610 -0.0040 -0.0210 -0.0140 -0.3162 -0.3029 -2.1989 -0.0720 -0.0230 -0.3794 -4.2905 -0.0480 -0.0210 -0.2310 -0.4278 -0.0410 -2.0765 -0.2290 -0.0290 -1.0902 -2.9534 -0.1847 -4.9427 -1.8938 -0.0490 -0.0410 -2.5468 -0.0390 -0.0180 -0.0120 -0.1120 -0.0760 -0.0120 -19.7906 -0.2366 -0.0123 -1.4034 -1.2082 -0.0999 0.0120 -0.4959
ZINCnC000007djlX  -0.3812 0.1400 -9.0541 -0.2050 -0.0130 -2.9414 -0.2972 -0.0490 -0.2340 -0.0240 -0.1150 0.0020 -0.0550 -0.1760 -0.0240 -0.1100 -0.0740 -1.9841 -0.1671 -2.7440 -0.1270 0.0230 -0.5287 -3.5470 -0.0910 0.0010 -0.3770 -0.5546 -0.0260 -2.0983 -0.1226 -0.0140 -0.4481 -4.4609 -0.0570 -0.1690 -0.1370 -0.0280 -0.0010 -4.7194 -0.0520 -0.0640 -0.0400 -1.5656 -0.1480 -0.1067 -8.0458 -0.1753 0.0180 -0.5733 -1.2112 -0.0560 0.0230 -0.1961
ZINCnE000001JDJe  -0.6731 0.2240 -5.2970 -0.5029 -0.0110 -4.0489 -0.7194 -0.1004 -1.3673 -0.1459 -0.7960 0.0070 -0.1530 -0.2568 -0.0070 -0.0120 -0.0050 -0.2590 -0.0300 -1.4181 -0.0950 -0.0100 -0.8967 -4.8565 -0.0950 -0.1130 -2.6134 -0.5516 -0.0340 -3.1135 -0.2224 -0.0340 -1.3018 -1.1624 -0.1020 -4.1347 -0.1760 -0.0190 -0.0100 -0.2130 -0.0090 -0.0030 -0.0040 -0.0820 -0.0840 0.0656 -15.8268 -0.2450 -0.1480 -3.3299 -1.5102 -0.1063 -0.0190 -0.2661
ZINCnF0000024Qbs  -1.1092 0.4026 -10.9088 -0.2020 0.0210 -3.6019 -0.2930 -0.0450 -0.4488 -0.0450 -0.0170 -0.0080 -0.0240 -0.1090 -0.0070 -0.0480 -0.0250 -0.5612 -0.6822 -2.7846 -0.1090 -0.0150 -0.5751 -3.4597 -0.0650 -0.0110 -0.5815 -0.2643 -0.0156 -0.4884 -0.0222 -0.1147 -1.3570 -3.1445 -0.0942 -4.1096 -0.5736 -0.0350 0.0030 -2.7685 -0.0550 -0.0280 -0.0140 -0.1800 -0.1380 0.0580 -19.7920 -0.2260 -0.0030 -0.8718 -0.8470 -0.0460 -0.1080 -0.5878
ZINCnF000005uMSE  -0.9089 0.6840 -4.6039 -0.1530 0.0060 -2.1593 -0.0360 -0.0190 -0.5597 -0.0190 -0.0330 0.0030 -0.0340 -0.1775 0.0100 -0.1170 -0.0740 -3.4124 -0.3627 -2.2203 -0.0820 0.0050 -0.0822 -1.3945 -0.0260 -0.0090 -0.2193 -0.0610 -0.0320 -1.2640 -0.0810 -0.0300 -0.9758 -3.4822 -0.0290 -0.2462 -0.1130 -0.0290 -0.0020 -5.4595 -0.2231 -0.1668 -0.8453 -1.5473 -0.3800 0.1051 -21.8417 -0.3887 -0.0280 -0.7906 -1.6049 -0.0700 -0.0560 -0.7787
ZINCnG000005yPQ4  -0.4673 0.3750 -4.4568 -0.1290 0.0050 -2.5204 -0.1191 -0.0220 -0.6086 -0.0320 -0.0720 -0.0100 -0.0160 -0.0650 0.0000 -0.0270 -0.0100 -0.7082 -0.3584 -1.9767 -0.0660 -0.0260 -0.7828 -4.4360 -0.0240 -0.0480 -0.4917 -0.1157 -0.0698 -2.2273 -0.1626 -0.0420 -1.0805 -4.0025 -0.1650 -0.7767 -1.3132 -0.0450 -0.0470 -4.1628 -0.0200 -0.0210 -0.0110 -0.2290 -0.1420 -0.0090 -26.6052 -0.2330 0.0200 -1.4244 -1.5019 -0.0870 -0.0014 -0.7142
ZINCnI000002TeXP  -1.1235 0.2802 -11.2357 -0.3745 -0.0430 -3.7870 -0.6857 -0.1100 -0.4898 -0.0870 -0.0998 -0.0170 -0.0580 -0.0964 -0.0050 -0.0210 -0.0080 -0.4410 -0.0570 -1.8027 -0.0980 -0.0270 -1.3374 -5.4195 -0.0992 -0.0280 -1.0314 -0.4418 -0.0340 -1.1684 -0.0700 -0.0350 -1.0012 -2.6752 -0.1240 -1.4456 -1.7870 -0.0510 -0.0310 -2.3212 -0.0440 -0.0190 -0.0100 -0.1253 -0.1100 -0.2631 -8.1432 -0.2389 -0.0470 -0.9714 -1.0233 -0.0360 -0.0410 -0.1405
ZINCnI000008nyWF  -1.0069 -0.0251 -4.9261 -0.6071 -0.0760 -4.5282 -1.3717 -0.1731 -0.7129 -0.1421 -0.1997 -0.0030 -0.1511 -0.2183 -0.0060 -0.0210 -0.0050 -0.1400 -0.0240 -1.4448 -0.0710 -0.0280 -1.1267 -5.2288 -0.1163 0.0200 -0.9477 -0.2954 -0.1149 -2.6909 -0.1971 -0.0030 -1.0986 -1.8179 -0.1148 -4.2138 -0.1840 -0.0210 0.0070 -0.1760 -0.0100 -0.0120 -0.0030 -0.0750 -0.0820 0.0334 -16.7618 -0.1470 -0.1124 -2.4902 -2.4127 -0.0730 0.0240 -0.6771
ZINCnK000003gy1Y  -0.4947 0.2772 -9.9055 -0.4251 -0.0600 -3.2319 -1.2590 -0.0992 -1.2289 -0.1646 -0.9917 -0.0240 -0.0861 -0.1233 -0.0040 -0.0130 -0.0040 -0.4140 -0.0230 -1.2148 -0.0620 -0.0470 -0.5874 -5.5171 -0.1025 -0.1250 -2.0024 -0.7647 -0.0729 -3.2122 -0.2140 -0.0569 -0.9894 -1.5636 -0.1015 -0.4074 -0.0970 -0.0090 -0.0210 -2.0823 -0.0040 -0.0090 -0.0030 -0.0650 -0.0810 -0.0398 -17.4115 -0.1478 -0.0910 -1.6815 -2.3216 -0.0810 -0.0536 -0.6261
ZINCnK000008AiIJ  -1.0614 0.2555 -9.9077 -0.1650 -0.0010 -2.9766 -0.2071 -0.0250 -0.2895 -0.0380 -0.0270 -0.0140 -0.0130 -0.0770 -0.0150 -0.1060 -0.0360 -1.9994 -0.7631 -2.6894 -0.0560 -0.0370 -0.9450 -3.8184 -0.0278 -0.0670 -0.8791 -0.3535 -0.0200 -1.4758 -0.0810 -0.0200 -0.2284 -1.7674 -0.0560 -0.1451 -0.4482 -0.0300 -0.0490 -6.9973 -0.0752 -0.0330 -0.0725 -0.9132 -0.1390 0.0130 -15.5257 -0.2259 -0.0060 -0.5648 -1.0714 -0.0320 -0.0250 -0.1223
ZINCnM000003nJTS  -0.5744 0.2998 -6.6214 -0.3370 0.0090 -3.4867 -0.1491 -0.1690 -0.9098 -0.0751 -0.0768 -0.0150 -0.0570 -0.0717 -0.0030 -0.0140 -0.0060 -0.3630 -0.0250 -0.8524 -0.0390 -0.0360 -1.0779 -4.0795 -0.0300 -0.0700 -1.4996 -0.3158 -0.0756 -2.9454 -0.2046 -0.0700 -1.5632 -0.9643 -0.1263 -0.8222 -0.3147 -0.0150 -0.0500 -0.9086 -0.0090 -0.0070 -0.0030 -0.1330 -0.1220 -0.0642 -15.4919 -0.3888 -0.1262 -1.2770 -1.8244 -0.1260 -0.0542 -0.8061
ZINCnN000003ACUG  -0.2731 0.3090 -8.4511 -0.3372 -0.0430 -4.2603 -0.4342 -0.1383 -0.8623 -0.0913 -0.1512 -0.0220 -0.0530 -0.1446 0.0000 -0.0150 0.0050 -0.1130 -0.0300 -1.2488 -0.0620 -0.0580 -1.9786 -3.2144 -0.0370 -0.0680 -0.9642 -0.4053 -0.1230 -2.9928 -0.3728 -0.0750 -1.9611 -2.2311 -0.0934 -0.1989 -0.0790 -0.0120 0.0020 -3.3215 -0.0080 -0.0050 -0.0020 -0.1040 -0.0650 0.0130 -13.0260 -0.0770 -0.1190 -2.5970 -1.7524 -0.0760 -0.0710 0.4197
ZINCnN000003ACUM  -0.3903 0.3585 -7.2347 -0.1730 0.0120 -1.6018 -0.0410 -0.0320 -0.7947 -0.0200 0.0200 0.0020 -0.0370 -0.1296 -0.0080 -0.1430 -0.0310 -1.2017 -0.1030 -2.8228 -0.0940 0.0080 -0.3536 -1.8667 -0.0400 -0.0050 -0.1304 -0.0640 -0.1421 -2.1162 -0.2181 -0.0269 -0.6559 -1.7108 -0.1044 -0.3072 -0.1938 -0.0230 -0.0470 -4.9352 -0.0460 -0.0620 -0.0939 -1.0054 -0.0840 -0.0870 -17.2916 -0.0550 -0.0920 -1.9268 -1.6292 -0.0570 -0.0810 -0.9402
ZINCnP000003Q2lH  -0.8598 0.2401 -10.3510 -0.1820 0.0200 -3.2526 -0.1202 -0.0380 -0.1835 -0.0240 -0.0230 -0.0060 -0.0240 -0.1010 -0.0110 -0.0420 -0.0270 -0.6486 -0.9449 -2.1716 -0.0800 -0.0060 -0.0982 -2.6896 -0.0360 -0.0230 -0.3426 -0.1648 -0.0480 -2.0822 -0.1105 -0.0220 -0.7878 -3.6529 -0.0520 -0.2530 -0.4704 -0.0410 -0.0300 -5.3233 -0.2809 -0.0300 -0.0440 -0.2719 -0.1460 0.0200 -17.4218 -0.1970 -0.0162 -0.9598 -1.7337 -0.0550 -0.0253 -0.5195
ZINCnP000003Q31b  -0.4979 0.3000 -9.1862 -0.1540 -0.0020 -2.6895 -0.0613 -0.0320 -0.2277 -0.0240 -0.0300 -0.0060 -0.0200 -0.0752 -0.0020 -0.0190 -0.0070 -0.4919 -0.0420 -1.5626 -0.0660 -0.0120 -0.4782 -2.9289 -0.0270 -0.0290 -0.2819 -0.1154 -0.0520 -2.2356 -0.1152 -0.0390 -0.9995 -4.3369 -0.1467 -1.2206 -1.1128 -0.0850 -0.0850 -3.1976 -0.0260 -0.0310 -0.0060 -0.1620 -0.0830 -0.4579 -14.3966 -0.1940 -0.0860 -2.8443 -1.7520 -0.0570 -0.0357 -0.5047
ZINCnR0000042O37  -0.4727 0.4050 -9.0478 -0.1410 0.0130 -1.7163 -0.0500 -0.0230 -0.4228 -0.0170 -0.0260 -0.0080 -0.0180 -0.0880 -0.0120 -0.0540 -0.0210 -1.9844 -0.4741 -2.4057 -0.1115 -0.0260 -0.2395 -3.4749 -0.0280 -0.0260 -0.1290 -0.1019 -0.0820 -2.8433 -0.1973 -0.0400 -1.2969 -0.6579 -0.1231 -4.9152 -0.7861 -0.0350 -0.0370 -2.9965 -0.0280 -0.0220 -0.0080 -0.1503 -0.0890 0.0370 -19.2592 -0.1440 -0.1160 -1.7427 -1.4184 -0.0972 -0.1174 -0.6468
ZINCnR0000046VTe  -0.3288 0.2470 -2.3263 -0.0830 -0.0080 -1.8526 -0.0210 -0.0130 -0.2804 -0.0100 -0.0200 -0.0040 -0.0120 -0.0720 -0.0020 -0.0390 -0.0170 -1.2012 -0.2719 -1.5254 -0.1090 -0.0130 -0.0518 -2.1957 -0.0290 -0.0160 -0.0710 -0.0350 -0.0430 -1.8176 -0.1294 -0.0130 -0.6912 -2.3972 -0.0880 -0.1984 -0.3049 -0.0420 -0.0890 -6.2468 -0.3256 -0.0630 -0.0290 -0.6224 -0.1170 0.0450 -23.3964 -0.0910 -0.1160 -3.4125 -1.6639 -0.0570 0.0697 -0.3743
ZINCnT000004kAtH  -0.4172 0.0520 -4.3469 -0.0860 -0.0250 -2.7924 -0.0410 -0.0220 -0.4984 -0.0190 -0.0280 -0.0080 -0.0190 -0.1832 -0.0200 -0.0430 -0.0200 -2.1885 -0.7353 -2.2274 -0.0990 -0.0130 -0.4491 -2.3280 -0.0300 -0.0140 -0.1011 -0.0640 -0.0380 -1.3831 -0.0856 -0.0450 -1.0064 -3.5482 -0.0690 -3.9801 -0.4929 -0.0370 -0.0230 -3.9474 -0.0640 -0.0220 -0.0130 -0.1550 -0.0840 -0.0669 -13.9367 -0.3005 -0.0447 -1.1189 -1.5538 -0.0740 -0.0300 -0.6385
ZINCnT000004kgL0  -0.4545 0.2440 -1.3975 -0.1340 0.0040 -2.0733 -0.6128 -0.0493 -0.6986 -0.0887 -0.3260 -0.0240 -0.0140 -0.0380 -0.0010 -0.0170 -0.0050 -0.2270 -0.0200 -0.4606 -0.0160 -0.0680 -1.3600 -4.0632 -0.0648 -0.0880 -0.6302 -0.8021 -0.0490 -2.1063 -0.1360 -0.0690 -1.1220 -3.1426 -0.1516 -0.8728 -0.1925 -0.0230 -0.0050 -3.7618 -0.0080 -0.0140 -0.0030 -0.1790 -0.1250 -0.0203 -16.3220 -0.2531 -0.1790 -2.6333 -1.5499 -0.0740 -0.1630 -0.6596
ZINCoC000000HXXh  -0.2700 -0.0480 -3.1860 -0.0420 -0.0320 -3.3462 -0.0640 -0.0210 -0.2396 -0.0250 -0.0600 -0.0150 0.0010 -0.0460 -0.0150 -0.0260 -0.0290 -0.9432 -0.2656 -1.7984 -0.0590 -0.0290 -0.3932 -3.6660 -0.0430 -0.0320 -0.1459 -0.1722 -0.0340 -1.8461 -0.0880 -0.0490 -0.7276 -3.8926 -0.1340 -0.2044 -1.0549 -0.0540 -0.0440 -6.6122 -0.0460 -0.0330 -0.0150 -0.2189 -0.0540 -0.0755 -7.7924 -0.1855 -0.0621 -1.6039 -1.4981 -0.0790 -0.0460 -0.6075
ZINCoC000000SvSE  -0.5704 0.4779 -11.1282 -0.3279 0.0000 -2.0345 -0.6798 -0.1154 -0.2604 -0.0802 -0.1573 -0.0200 -0.0500 -0.1000 -0.0040 -0.0460 -0.0200 -0.4387 -0.9773 -1.9673 -0.0570 -0.0410 -1.1935 -5.4361 -0.0709 -0.0940 -1.6949 -1.0507 -0.0120 -0.9110 -0.0740 -0.0160 -0.0190 -5.1527 -0.0540 -0.1140 -0.6427 -0.0410 -0.0140 -5.8675 -0.1797 -0.0330 -0.0120 -0.2154 -0.1350 0.1030 -19.2662 -0.1340 -0.0060 0.0391 -0.5762 -0.0200 -0.0130 -0.0400
ZINCoD000000ZS7g  -0.3671 0.4040 0.7987 -0.3566 -0.0110 -2.7779 -0.9294 -0.0613 -1.1687 -0.3020 -2.1921 -0.0340 -0.1539 -0.2655 -0.0010 -0.0210 -0.0020 -1.4728 -0.0600 -1.7915 -0.1520 -0.0450 -2.0526 -3.7541 -0.1027 -0.1570 -1.9077 -0.2488 -0.1099 -2.8332 -0.1763 -0.0150 -1.1915 -3.9113 -0.1444 -0.9983 -1.4272 -0.0760 0.0140 -3.6037 -0.0670 -0.0020 -0.0070 -0.1550 -0.1500 -0.1035 -26.2477 -0.1860 -0.0040 -1.7012 -0.4306 -0.0460 -0.0530 -0.7652
ZINCoD0000015r75  -0.7456 0.2066 -3.7694 -0.1190 0.0140 -3.1894 -0.1362 -0.0280 -0.5535 -0.0280 -0.0420 -0.0100 -0.0130 -0.0790 -0.0090 -0.0420 -0.0170 -1.4084 -0.8551 -2.7376 -0.0530 -0.0220 -0.4363 -3.0232 -0.0140 -0.0340 -0.3437 -0.0372 -0.0500 -1.6953 -0.1580 -0.0060 -0.4757 -3.2781 -0.0980 -0.2290 -1.1384 -0.0410 -0.0270 -9.7275 -0.0750 -0.0410 -0.0160 -0.4445 -0.1360 0.0417 -19.5592 -0.2560 0.0170 -1.2364 -1.9263 -0.0770 0.0341 -0.5290
ZINCoD0000015rha  -0.3043 0.3110 -3.7641 -0.0920 -0.0290 -2.3833 -0.0650 -0.0160 -0.5188 -0.0240 -0.0270 -0.0070 -0.0170 -0.1158 -0.0090 -0.0680 0.0000 -2.3919 -1.3901 -2.7707 -0.0910 -0.0160 -0.3016 -2.5741 -0.0370 -0.0110 -0.0806 -0.1721 0.0260 -2.0312 -0.1126 -0.1090 -1.6005 -1.1566 -0.1150 -1.8335 -0.3983 -0.0310 -0.0190 -4.1388 -0.0590 -0.0250 -0.0130 -0.1910 -0.1260 0.0310 -20.5362 -0.1790 -0.0070 -1.3148 -2.0978 -0.0930 -0.0757 -0.7538
ZINCoD0000016l3F  -0.7943 0.4340 -4.2531 -0.1880 0.0140 -3.1745 -0.0492 -0.0330 -0.3059 -0.0150 0.0180 0.0050 -0.0560 -0.2090 -0.0020 -0.1218 -0.0290 -3.0647 -1.3357 -3.0745 -0.0940 0.0180 -0.7687 -2.9205 -0.0480 -0.0010 -0.1010 -0.0920 -0.0180 -1.0445 0.0040 -0.0720 -1.2493 -1.3565 -0.0750 -0.2630 -0.1590 -0.0370 0.0330 -5.5015 -0.0890 -0.0730 -0.0140 -0.8808 -0.2160 0.1057 -12.5099 -0.4107 -0.0005 -1.2667 -1.6790 -0.1000 -0.0580 -0.5944
ZINCoE0000008zFI  -0.3712 0.2730 -6.8874 -0.1330 0.0250 -2.0813 -0.0400 -0.0280 -0.3191 -0.0160 0.0060 -0.0030 -0.0260 -0.1215 -0.0170 -0.4415 -0.0831 -2.6080 -0.1773 -2.1208 -0.0880 -0.0030 -0.0154 -2.8223 -0.0390 -0.0190 -0.1640 -0.1492 -0.0500 -2.4660 -0.1325 -0.0180 -0.6371 -1.3319 -0.0734 -0.2007 -0.0870 -0.0210 -0.0480 -4.5951 -0.0550 -0.0250 -0.4012 -1.5869 -0.0890 -0.0531 -25.4599 -0.1530 -0.0390 -0.8718 -0.8191 -0.0733 -0.0923 -0.6920
ZINCoG000003eC8f  -0.3189 0.2320 -7.8938 -0.3930 -0.0700 -3.2695 -0.9388 -0.0758 -1.4072 -0.1732 -0.7026 -0.0170 -0.1113 -0.2869 -0.0050 -0.0140 -0.0010 -0.1090 -0.0390 -1.9807 -0.1110 -0.0490 -1.7476 -3.5307 -0.0611 -0.0810 -0.7877 -0.2687 -0.0377 -1.7002 -0.1682 -0.0962 -1.8767 -4.1168 -0.0693 -0.2660 -0.0800 -0.0100 -0.0250 -2.9803 -0.0070 -0.0140 -0.0040 -0.0510 -0.0220 -0.0752 -6.6332 -0.1195 -0.1990 -3.2127 -2.2127 -0.1623 -0.0550 -0.3381
ZINCoH000000y1BA  -0.2426 -0.0600 -1.0873 -0.0140 -0.0300 -2.6883 -0.0400 -0.0080 -0.3492 -0.0160 -0.0350 -0.0090 -0.0060 -0.0637 -0.0110 -0.0320 -0.0180 -0.5935 -0.3540 -2.0426 -0.0460 -0.0260 -0.2462 -2.3633 -0.0080 -0.0270 -0.1841 0.0181 -0.1811 -2.2298 -0.2432 -0.0125 -1.2027 -2.6451 -0.0386 -0.2339 -0.3533 -0.0230 -0.1020 -5.6478 -0.0400 -0.0180 -0.0340 -0.8172 -0.0550 -0.2476 -10.0158 -0.1342 -0.0830 -1.5992 -0.9770 -0.0620 -0.0297 -0.5858
ZINCoJ0000016Zre  -0.3442 0.2269 -7.8173 -0.3144 -0.0510 -3.5064 -0.4379 -0.1289 -0.8914 -0.0710 -0.0722 -0.0200 -0.0620 -0.0906 -0.0040 -0.0200 -0.0040 -0.3880 -0.0280 -1.2969 -0.0740 -0.0610 -1.5360 -2.8682 -0.0580 -0.0480 -0.9678 -0.2758 -0.1552 -3.6301 -0.3971 0.0027 -1.0091 -1.4907 -0.1197 -0.2083 -0.1160 -0.0230 0.0240 -3.9981 -0.0140 -0.0150 -0.0020 -0.1540 -0.0940 0.0660 -10.8030 -0.0848 -0.0810 -2.6355 -2.0092 -0.0290 -0.0400 -0.6242
ZINCoM000005lFTi  -0.2040 0.0470 -0.7270 -0.0180 -0.0200 -1.2111 -0.0360 -0.0070 -0.3723 -0.0150 -0.0180 -0.0070 -0.0050 -0.0480 -0.0040 -0.0330 -0.0170 -0.9206 -0.3849 -2.2402 -0.0670 -0.0230 -0.1575 -2.2189 -0.0210 -0.0160 -0.0939 -0.0520 -0.0526 -1.1982 -0.0840 -0.0820 -1.3582 -3.8439 -0.1235 -0.4535 -1.1735 -0.0800 -0.0240 -7.9984 -0.2928 -0.0430 -0.0260 -0.3435 -0.0780 0.0270 -5.2319 -0.0780 -0.0490 -0.9407 -1.1597 -0.0470 -0.1275 -0.6166
ZINCoM000005o6zg  -0.0663 -0.1156 -2.5504 -0.2077 -0.0580 -2.5248 -0.6977 -0.0330 -0.8252 -0.0980 -0.6061 -0.0340 -0.0490 -0.3006 -0.0160 -0.0150 -0.0220 0.1748 -0.0500 -0.8600 -0.0440 -0.0760 -1.9847 -3.3021 -0.0220 -0.1600 -2.2454 0.0020 -0.0486 -1.3525 -0.0538 -0.0860 -1.3834 -2.7277 -0.1124 -0.5631 -0.3237 -0.0230 -0.0090 -3.6083 -0.0140 -0.0140 -0.0070 -0.0840 -0.0080 -0.1364 -3.7897 -0.0400 -0.1260 -1.4562 -1.3834 -0.0630 -0.1736 -0.2620
ZINCoN000005CqXi  -0.7189 0.4870 -8.5456 -0.1660 0.0100 -2.4147 -0.0570 -0.0300 -0.3978 -0.0170 0.0100 -0.0030 -0.0290 -0.1234 0.0030 -0.0440 -0.0090 -0.9220 -0.1700 -1.4818 -0.1510 -0.0120 -0.2997 -2.6430 -0.0300 -0.0090 -0.2310 -0.0440 -0.0580 -1.0993 -0.0470 -0.0280 -0.9029 -5.5230 -0.0360 -0.2579 -1.3550 -0.0380 -0.0150 -4.2066 -0.0650 -0.0190 -0.0130 -0.2530 -0.2180 0.0595 -18.2660 -0.4251 -0.0766 -1.4698 -1.5232 -0.0590 -0.0560 -0.6674
ZINCoP000005PDJu  -0.2236 0.3860 -3.5961 -0.1430 -0.0190 -2.1973 -0.1046 -0.0320 -0.8421 -0.0460 -0.0600 -0.0020 -0.0420 -0.1904 -0.0010 -0.0850 -0.0110 -2.8731 -0.5014 -3.4509 -0.1310 0.0060 -0.8195 -2.3478 -0.0700 -0.0160 -0.6762 -0.2332 -0.0460 -1.3572 -0.1346 -0.0080 -0.4573 -3.8564 -0.0440 -0.2395 -0.1120 -0.0230 -0.0630 -5.1169 -0.0460 -0.0570 -0.0250 -0.6937 -0.1080 -0.0860 -17.9374 -0.0700 -0.0310 -1.1443 -1.3139 -0.0400 -0.0131 -0.6794
ZINCoR000006mMNp  -0.9489 -0.4150 -3.0534 0.0050 -0.1110 -3.3983 -0.5559 -0.0280 -0.3941 -0.0560 -0.2356 -0.0280 0.0100 -0.0210 -0.0110 -0.0010 -0.0100 -0.0080 -0.0330 -1.2865 -0.0100 -0.0730 -1.5931 -4.8778 -0.0433 -0.0930 -1.2288 -0.6357 -0.0650 -2.2557 -0.3541 -0.1150 -1.3247 -4.2276 -0.0893 -0.9880 -0.7096 -0.0250 -0.0650 -3.3730 -0.0170 -0.0110 -0.0130 -0.0850 -0.0120 -0.5411 -2.4197 -0.1713 -0.1300 -1.6139 -1.3148 -0.0390 -0.1682 -0.6094
ZINCoS000006rNXJ  -1.0109 0.1620 -9.0424 -0.1960 0.0110 -3.1933 -0.3811 -0.0610 -0.3925 -0.0490 0.0063 -0.0100 -0.0260 -0.0770 -0.0060 -0.0230 -0.0130 -0.3593 -1.0871 -2.0166 -0.1090 -0.0210 -0.8202 -4.1466 -0.0840 -0.0020 -0.6937 -0.3753 -0.0410 -1.6757 -0.1410 -0.0130 -0.5188 -2.7230 -0.0910 -3.9785 -1.2351 -0.0350 -0.0360 -3.1928 -0.0650 -0.0220 -0.0110 -0.1390 -0.1350 0.0300 -16.1234 -0.1700 -0.0600 -0.9785 -1.3891 -0.0380 -0.0230 -0.3239
ZINCoT000006Aq87  -0.6192 0.2011 -2.0306 -0.0910 -0.0230 -2.3077 -0.0440 -0.0130 -0.2309 -0.0110 -0.0410 -0.0100 -0.0070 -0.0890 -0.0180 -0.1889 -0.0460 -2.7816 -1.5800 -3.0699 -0.1010 -0.0210 -0.0847 -1.5229 -0.0210 -0.0180 -0.0530 -0.0280 -0.0520 -1.3910 -0.0870 -0.0140 -0.6639 -5.9150 -0.0680 -4.5432 -0.2010 -0.0330 -0.0170 -3.7488 -0.0490 -0.0180 -0.0170 -0.2342 -0.0970 0.0150 -19.1768 -0.1050 -0.0850 -1.9283 -1.8063 -0.0400 -0.0730 -0.6983
ZINCoT000006C9kX  -0.9127 -0.1237 -4.5174 -0.0470 -0.0230 -3.6079 -0.1192 -0.0090 -0.5250 -0.0320 -0.1200 -0.0160 0.0010 -0.0360 -0.0110 -0.0160 -0.0150 -0.0728 -0.4988 -1.9963 -0.0310 -0.0460 -0.5148 -3.9325 0.0100 -0.0770 -0.8935 0.0210 -0.0390 -1.8426 -0.0690 -0.0230 -0.8175 -2.5869 -0.0510 -0.2919 -1.2677 -0.0250 -0.0500 -4.8480 -0.0260 -0.0150 -0.0160 -0.1455 -0.0660 -0.2039 -2.5657 -0.2763 -0.0325 -0.7396 -1.9971 -0.0743 0.0020 -0.5809
ZINCoT000006EbDT  -1.2444 -0.4966 -4.7668 -0.3262 -0.0730 -3.8714 -0.9201 -0.1156 -0.6135 -0.0923 -0.1238 -0.0320 -0.0140 -0.0571 -0.0100 -0.0170 -0.0060 -0.1290 -0.0240 -0.8974 -0.0430 -0.0520 -1.1424 -3.8097 -0.0450 -0.0460 -0.8507 -0.1029 -0.1352 -2.5305 -0.2822 -0.0819 -2.0208 -0.7553 -0.1242 -1.0275 -0.4368 -0.0240 -0.0030 -2.4501 -0.0110 -0.0170 -0.0040 -0.1380 -0.1100 -0.0422 -17.9317 -0.2889 -0.0850 -2.3277 -1.9614 -0.0850 -0.1136 -0.7897
ZINCox000000Li5k  -0.8946 0.3292 -7.7098 -0.1490 -0.0010 -3.2354 -0.0610 -0.0180 -0.5852 -0.0230 -0.0410 -0.0060 -0.0260 -0.1299 -0.0210 -0.0949 -0.0380 -2.8923 -1.0340 -3.1873 -0.0850 -0.0120 -0.1837 -1.1527 -0.0210 -0.0210 -0.1096 -0.0493 -0.0470 -1.7338 -0.0970 -0.0290 -1.0479 -2.4679 -0.0500 -0.2078 -0.0810 -0.0200 -0.0400 -3.4257 -0.0420 -0.0290 -0.0850 -0.7483 -0.1190 -0.0487 -8.7171 -0.2990 0.0330 -1.2337 -2.4537 -0.1020 0.0116 -0.4889
ZINCoy000003l59J  -0.7203 0.3080 -4.0984 -0.0980 -0.0150 -2.7421 -0.0290 -0.0150 -0.5329 -0.0170 -0.0360 -0.0050 -0.0150 -0.1079 -0.0080 -0.0450 -0.0310 -1.4008 -1.3152 -1.9872 -0.0740 -0.0090 -0.1501 -1.7372 -0.0240 -0.0150 -0.1102 -0.0560 0.0020 -0.8162 -0.0540 -0.0580 -1.3248 -4.2816 -0.0440 -0.3377 -0.1410 -0.0290 0.0400 -6.5365 -0.1260 -0.0700 -0.0490 -0.5608 -0.2540 0.0521 -18.2868 -0.4433 0.0155 -0.6351 -1.2598 -0.0550 -0.0600 -0.6735
ZINCpD000001Hwh6  -0.4519 0.0918 -2.8396 -0.2350 -0.0280 -1.8930 -0.7125 -0.0920 -1.1689 -0.0600 0.0296 -0.0050 -0.0570 -0.1179 -0.0010 -0.0160 0.0030 -0.6010 -0.0790 -1.8550 -0.1540 0.0070 -1.2584 -3.5927 -0.0970 0.0010 -0.7143 -0.2972 -0.0940 -2.2496 -0.1940 -0.0490 -1.0228 -2.1051 -0.1035 -0.8354 -1.7986 -0.0590 -0.0130 -3.3188 -0.0740 -0.0290 -0.0060 -0.1640 -0.1110 -0.1255 -20.7186 -0.1450 -0.0530 -0.5210 -2.0696 -0.0640 -0.1280 -0.6019
ZINCpI000001QgQw  -0.4632 0.1900 -3.6188 -0.1210 -0.0180 -2.7002 -0.0530 -0.0230 -0.2895 -0.0190 -0.0260 -0.0100 -0.0170 -0.1616 -0.0180 -0.0390 -0.0210 -1.6174 -0.6476 -1.0798 -0.0910 -0.0170 -0.3517 -2.4051 -0.0260 -0.0200 -0.1024 -0.1741 -0.0596 -2.8221 -0.1704 -0.0300 -1.0103 -2.4557 -0.0720 -2.0518 -1.0902 -0.0360 -0.0370 -3.8288 -0.0750 -0.0280 -0.0140 -0.2440 -0.1030 0.0391 -5.8551 -0.1550 -0.0450 -1.6928 -2.1459 -0.0810 0.0117 -0.4576
ZINCpL000007zO2Y  -0.4390 -0.0401 -2.7474 -0.1317 -0.0630 -3.3249 -1.2533 0.0206 -0.7098 -0.1226 -0.7715 -0.0410 0.0240 -0.0757 -0.0060 -0.0140 -0.0080 -0.2849 -0.0760 -1.2810 -0.0880 -0.0720 -1.2332 -3.9527 -0.0460 -0.1160 -0.8193 -0.1414 -0.0630 -1.1955 -0.1220 -0.0420 -1.0669 -4.1555 -0.1457 -0.4260 -2.4005 -0.0790 -0.0020 -4.9724 -0.0870 -0.0370 -0.0100 -0.1855 -0.0730 -0.2094 -5.1086 -0.2210 -0.0400 -1.7418 -1.5569 -0.0730 -0.0400 -0.6668
ZINCpO000008pvwI  -1.0341 0.3068 -12.0073 -0.4041 0.0190 -3.0591 -0.6905 -0.0840 -0.3718 -0.0890 -0.3242 -0.0190 -0.0660 -0.1128 -0.0060 -0.0410 -0.0170 -1.2006 -0.4635 -2.3259 -0.0610 -0.0360 -1.1606 -5.8481 -0.0643 -0.1230 -2.0070 -0.9956 -0.0120 -0.8721 -0.0630 -0.0180 -0.0280 -5.0413 -0.0520 -0.1310 -1.0044 -0.0110 -0.0450 -3.0111 -0.0440 -0.0190 -0.0110 -0.1652 -0.1190 0.0570 -18.8316 -0.1560 -0.0130 0.0352 -0.8379 -0.0240 -0.0180 -0.0470
ZINCpP000008IMNB  -0.3785 0.1660 -1.7236 -0.0500 -0.0250 -2.6423 -0.0770 -0.0110 -0.2812 -0.0200 -0.0350 -0.0110 -0.0100 -0.1025 -0.0050 -0.0350 -0.0030 -1.5051 -1.3751 -3.6132 -0.1270 -0.0300 -0.3694 -4.0589 -0.0500 -0.0150 -0.0983 -0.3216 -0.0320 -1.7249 -0.0973 -0.0380 -1.0351 -2.7790 -0.0930 -4.2275 -1.2669 -0.0360 -0.0280 -4.0370 -0.0550 -0.0220 -0.0120 -0.1680 -0.1170 0.0222 -7.4120 -0.1397 -0.0521 -1.4477 -1.2282 -0.0670 -0.0070 -0.4268
ZINCpQ000008SuDI  -0.5487 0.3230 -4.7144 -0.1400 0.0120 -3.8199 -0.0590 -0.0240 -0.6520 -0.0180 -0.0100 0.0050 -0.0420 -0.1478 0.0070 -0.0320 0.0120 -1.7116 -0.1150 -2.0944 -0.1540 0.0110 -0.3093 -3.0497 -0.0240 -0.0160 -0.2135 -0.1266 -0.0561 -1.8414 -0.0701 -0.0580 -1.2713 -3.8231 -0.0980 -1.0667 -1.0530 -0.0400 -0.0720 -2.4367 -0.0260 -0.0330 -0.0090 -0.3114 -0.1640 -0.8437 -8.8190 -0.3360 -0.0080 -1.3441 -2.2158 -0.1293 -0.0201 -0.6691
ZINCpQ000008Wco5  -0.3088 0.3660 -5.7500 -0.1250 0.0000 -1.8077 -0.1581 -0.0220 -0.9097 -0.0450 -0.0620 -0.0060 -0.0190 -0.1084 -0.0040 -0.0360 -0.0170 -0.9152 -0.2535 -1.8592 -0.1100 -0.0140 -0.2902 -3.7698 -0.0380 -0.0360 -0.5613 -0.1081 -0.0370 -1.1594 -0.1170 -0.0480 -0.6548 -2.6629 -0.1239 -0.2811 -1.7655 -0.0810 -0.0320 -7.8331 -0.4029 -0.0360 -0.0140 -0.2782 -0.1170 0.1020 -23.3462 -0.1300 -0.0200 -0.7019 -0.4066 -0.0400 -0.0380 -0.3949
ZINCpR0000095kRO  -0.4001 0.2171 -2.5610 -0.1160 -0.0050 -2.3527 -0.1092 -0.0200 -0.2359 -0.0170 -0.0330 -0.0090 -0.0120 -0.1029 -0.0060 -0.0620 -0.0180 -2.5534 -1.2610 -2.9802 -0.0780 -0.0210 -0.4181 -1.7757 -0.0150 -0.0190 -0.0700 -0.0340 -0.0450 -1.1531 -0.0680 -0.0240 -0.9723 -5.4442 -0.0450 -0.3425 -0.2509 -0.0320 -0.0250 -6.4525 -0.0810 -0.0510 -0.0330 -0.9122 -0.1500 0.0860 -22.6990 -0.1100 -0.0630 -1.8134 -1.6889 -0.0580 -0.0493 -0.6550
ZINCpR0000098WY4  -1.6238 0.3648 -3.4377 -0.1310 0.0160 -3.9609 -0.0790 -0.0300 -0.5120 -0.0360 0.0020 -0.0070 -0.0190 -0.0895 -0.0030 -0.0620 -0.0080 -1.3143 -0.3636 -2.0997 -0.0970 -0.0130 -0.3274 -3.1188 -0.0590 -0.0060 -0.6922 -0.5027 -0.0576 -1.5206 -0.1497 -0.0730 -1.1198 -4.3121 -0.0520 -0.2557 -0.1738 -0.0210 -0.0030 -8.3942 -0.0760 -0.0200 -0.0190 -0.6136 -0.2750 0.1222 -20.2335 -0.5515 -0.0848 -1.4142 -0.3820 -0.0440 -0.0820 -0.5820
ZINCpT000009t4FY  -0.7761 0.3699 -6.4518 -0.1350 -0.0120 -2.3386 -0.4391 -0.0500 -0.9746 -0.1071 -0.1884 -0.0150 -0.0160 -0.0680 -0.0030 -0.0340 -0.0140 -0.4178 -0.3305 -1.9188 -0.0440 -0.0350 -1.0430 -2.5617 -0.0340 -0.0520 -0.9073 -0.1631 -0.0310 -0.9158 -0.0930 -0.0310 -0.6932 -5.1870 -0.0500 -0.2077 -0.7980 -0.0460 -0.0410 -4.8013 -0.0702 -0.0200 -0.0160 -0.1910 -0.1820 0.0176 -13.8484 -0.2875 -0.0690 -1.4955 -2.2216 -0.0520 -0.0610 -0.5945
ZINCpu000000oq8x  -0.9331 0.1053 -7.1446 -0.0970 0.0240 -3.6003 -0.1245 -0.0150 -0.4559 -0.0290 -0.0760 -0.0120 -0.0160 -0.0630 -0.0180 -0.0340 -0.0450 -0.0086 -1.2713 -2.4768 -0.3184 -0.0520 -0.6074 -3.1018 -0.0300 -0.0410 -0.3947 -0.3827 -0.0320 -1.5988 -0.1730 -0.0130 -0.6756 -2.8628 -0.1220 -4.3382 -1.8259 -0.0520 -0.0340 -3.7435 -0.1334 -0.0210 -0.0140 -0.1420 -0.0870 -0.0230 -13.4917 -0.2310 0.0380 -0.7439 -1.6970 -0.0710 0.0240 -0.3879
