Comp_ID  105 105 107 108 109 110 111 166 167 169 170 171 172 173 174 175 176 177 178 184 189 190 191 192 193 194 195 196 197 198 199 200 201 247 265 266 267 268 269 271 272 275 276 278 279 280 283 356 359 360 362 363 376 377 379 380 381 382 383 384 385 386 387 389
ZINC000003247700  -0.0586 -0.0070 -0.0580 -0.0300 -0.0100 -0.0180 -0.0550 -0.0370 -0.1287 -2.5867 -0.0810 -0.1360 -2.1646 -1.9680 -0.0660 -0.1020 -1.9905 -0.8355 -0.1284 -1.7331 -0.0750 -0.0590 -1.2613 -3.8088 -0.0871 -0.0800 -2.9788 -1.7432 -0.0580 -0.1100 -3.6897 -0.0718 -0.0270 -0.0260 -0.0140 -0.2504 -2.9387 -0.1672 -0.1485 -0.0100 -0.2171 -0.2320 -0.0140 -2.2939 -0.0520 -0.0430 -1.4745 -1.9130 -0.0820 -0.0350 -1.4235 -0.0230 -0.0130 -1.1668 -0.1020 -0.0360 -0.1348 -2.6629 -0.1986 -0.0242 -0.0937 -0.2790 -0.0150 -0.0280
ZINC000004274872  -0.0520 -0.0140 -0.6309 -0.0700 -0.0300 -0.0420 -0.0130 -0.0090 -0.1816 -1.2924 -0.0320 -0.0860 -1.6090 -3.4260 -0.0550 -0.0680 -2.1902 -1.6052 -0.0280 -1.7272 -0.0490 -0.0480 -0.7886 -3.4358 -0.0590 -0.0730 -2.1243 -1.4661 -0.0250 -0.0600 -1.8329 -0.0400 -0.0380 -0.0690 -0.0570 -1.8734 -4.8303 -0.6198 -0.1234 0.0010 -0.1435 -0.3320 -0.0370 -2.1351 -0.0740 -0.0430 -0.4696 -1.2956 -0.0687 -0.0840 -1.4050 -0.1812 -0.0520 -1.5981 -0.4530 -0.0500 -0.1590 -0.8820 -0.0810 -0.0620 -0.2537 -0.0330 -0.0210 -0.0030
ZINC000011597662  -0.0280 -0.0120 -0.0955 -0.0330 -0.0160 -0.0200 -0.0490 -0.0330 -0.2834 -3.3842 -0.1157 -0.0727 -1.3415 -3.6311 -0.0510 -0.0410 -1.8353 -1.0033 -0.0040 -0.8974 -0.0560 -0.0470 -0.3837 -3.3559 0.0576 -0.2020 -3.8711 -1.8892 -0.0696 -0.1100 -2.1324 -0.1660 -0.0740 -0.0690 -0.0360 -0.6926 -4.2492 -0.6039 -1.2552 -0.0910 -0.4607 -1.5882 -0.0250 -4.6438 -0.1549 -0.0450 -1.0330 -0.5218 -0.1070 -0.0400 -1.6054 -0.0240 -0.0090 -2.1725 -0.1468 -0.0100 -0.0926 -1.8303 -0.1040 -0.0130 -1.3557 -0.0700 -0.0220 -0.0080
ZINC000012823397  -0.0698 -0.0170 -0.2106 -0.0640 -0.0160 -0.0230 -0.0420 -0.0170 -0.1721 -2.8300 -0.0610 -0.0581 -0.6252 -3.2607 -0.0600 -0.0994 -2.0562 -1.0047 -0.0030 -1.1550 -0.0490 -0.0330 -0.2496 -3.0580 -0.0025 -0.0840 -2.1026 -1.5719 -0.0090 -0.1080 -1.8275 -0.0710 -0.0660 -0.0240 -0.0360 -0.5148 -4.4996 -0.4664 -0.8685 -0.0790 -0.1332 -1.3476 -0.0240 -3.6232 -0.1363 -0.0290 -1.2569 -0.6329 -0.1252 -0.0190 -1.2247 -0.0330 -0.0030 -0.9818 -0.1714 -0.0230 -0.0920 -1.1546 -0.0500 -0.0350 -0.5508 -0.0600 -0.0090 -0.0130
ZINC000129765703  -0.0410 0.0020 -0.2684 -0.0540 -0.0110 -0.0200 -0.0390 -0.0200 -0.1208 -2.7666 -0.0690 -0.0870 -1.0195 -3.3882 -0.0520 -0.0710 -1.8957 -0.7769 0.0150 -1.5415 -0.0420 -0.0430 -0.5663 -3.0657 0.0530 -0.0970 -1.9393 -0.6399 0.0250 -0.0950 -2.9389 0.0465 -0.0900 -0.0870 -0.0160 -0.7702 -2.7023 -0.4831 -0.4297 -0.0370 -0.7579 -1.1312 -0.0360 -3.5780 -0.0840 -0.0260 -1.0242 -0.7919 -0.1330 0.0150 -0.2978 -0.0140 -0.0140 -1.4624 -0.1569 -0.0200 -0.0142 -3.2137 -0.1410 0.0120 -1.2047 -0.1199 -0.0220 -0.0190
ZINC000433622875  -0.0270 -0.0090 -0.0500 -0.0240 -0.0100 -0.0150 -0.0100 -0.0060 -0.1509 -2.1966 -0.0210 -0.0990 -1.3816 -3.0885 -0.0440 -0.0860 -1.3754 -0.5100 -0.0020 -0.7728 -0.0430 -0.0380 -0.4575 -3.9209 0.0580 -0.0960 -1.6697 -2.0745 -0.0280 -0.0480 -0.6733 -0.0650 -0.0930 -0.0220 -0.0240 -0.2790 -4.2287 -0.0484 -1.2432 -0.1230 -1.0887 -1.8686 -0.0140 -3.5290 -0.4060 -0.0420 -0.2603 -0.7641 -0.2035 -0.0040 -0.6719 -0.0240 -0.0100 -1.2646 -0.0953 -0.0200 0.0220 -2.4670 -0.0650 -0.0190 -0.5447 -0.0450 -0.0190 -0.0040
ZINC000443856513  -0.0749 -0.0380 -0.6057 -0.0570 -0.0490 -0.0430 -0.0300 -0.0180 -0.2879 -2.4667 -0.0730 -0.0800 -1.6513 -3.6488 -0.0750 -0.0720 -2.8578 -2.6022 -0.0390 -1.7424 -0.0850 -0.0470 -1.0863 -3.5669 -0.0742 -0.0680 -2.5953 -1.0645 -0.0520 -0.0610 -1.8272 -0.1125 -0.0170 -0.0330 -0.0170 -0.4055 -1.4605 -0.9147 -0.0630 -0.0140 -0.0340 -0.0650 -0.0100 -1.4684 -0.0360 -0.0370 -0.6848 -1.5474 -0.0560 -0.0440 -1.1840 -0.1410 -0.0020 -2.1433 -0.4089 -0.0340 -0.0830 -1.0506 -0.0780 -0.1290 -1.1023 -0.0988 -0.0510 -0.0050
ZINC000463250746  -0.0440 -0.0090 -0.0560 -0.0430 -0.0140 -0.0210 -0.0030 -0.0060 -0.1620 -1.8843 -0.0130 -0.0910 -1.3470 -2.6505 -0.0420 -0.0620 -1.9635 -0.5343 -0.0210 -1.2943 -0.0370 -0.0400 -0.4003 -2.1655 0.0240 -0.1490 -3.2521 -0.9513 -0.0700 -0.1200 -2.7588 -0.2757 -0.0660 -0.0140 -0.0260 -0.3876 -3.7672 -0.1550 -0.5604 -0.0520 -0.8687 -1.1586 0.0030 -4.8832 -0.1166 -0.0610 -1.4097 -1.6836 -0.2093 -0.0310 -1.4276 -0.0350 -0.0090 -1.2614 -0.0889 -0.0390 -0.2317 -2.0274 -0.0290 -0.1570 -1.3083 -0.0620 -0.0520 -0.0070
ZINC000470670889  -0.2005 -0.1640 -2.4259 -0.2413 -0.3051 -0.1811 -0.0230 -0.0140 -0.1628 -1.3797 -0.0410 -0.0970 -1.7381 -4.3312 -0.0670 -0.0680 -2.1024 -1.6541 -0.0300 -1.5806 -0.0430 -0.0370 -0.4960 -3.0384 -0.0250 -0.0730 -2.4703 -0.7637 -0.0200 -0.0730 -1.8885 -0.0330 -0.0210 -0.0710 0.0161 -2.5358 -4.3842 -0.4120 -0.1050 -0.0050 -0.0230 -0.0620 -0.0130 -0.8139 -0.0320 -0.0260 -0.5867 -0.9522 -0.0471 -0.0850 -1.4093 -1.7547 -0.2359 -1.9459 -1.5109 -0.1090 -0.3080 -4.4165 -0.1673 -0.0650 -0.4884 -0.0520 -0.0210 -0.0040
ZINC000472208441  -0.0600 -0.0060 -0.0860 -0.0620 -0.0190 -0.0330 -0.0340 -0.0250 -0.1712 -3.0058 -0.0910 -0.1290 -1.8559 -2.5221 -0.1530 -0.1262 -2.9592 -2.1537 0.0371 -2.6948 -0.0972 -0.1310 -2.2113 -3.7760 -0.0640 -0.1150 -2.1539 -1.7417 -0.0681 -0.0750 -1.9912 -0.0859 -0.0270 -0.0320 -0.0150 -0.5163 -3.1005 -0.2223 -0.0790 -0.0040 -0.0280 -0.1048 -0.0160 -1.5796 -0.0550 -0.0450 -1.1338 -1.5575 -0.1032 -0.0620 -1.1415 -0.0150 -0.0190 -1.1723 -0.4979 -0.0650 -0.2886 -2.9119 -0.1260 -0.0750 -1.2752 -0.0850 -0.0380 -0.0080
ZINC000482214861  -0.0638 -0.0090 -0.1441 -0.0630 -0.0210 -0.0270 -0.0570 -0.0190 -0.3895 -2.7580 -0.0727 -0.0610 -1.2735 -3.7996 -0.0570 -0.0920 -1.3553 -1.1826 -0.0290 -0.6538 -0.0540 -0.0270 -0.4254 -3.5067 -0.0250 -0.0740 -1.8970 -1.5572 -0.0260 -0.1190 -1.7606 -0.0084 -0.0480 -0.0180 -0.0260 -0.5495 -3.2185 -0.3456 -0.3839 0.0050 -0.3983 -0.6908 -0.0480 -3.2431 -0.1329 -0.0430 -0.3696 -1.2090 -0.1080 -0.0360 -0.2673 -0.0140 0.0010 -1.5052 -0.1937 -0.0160 -0.1360 -3.7855 -0.0350 -0.0400 -0.4083 -0.0450 -0.0230 -0.0040
ZINC000482246675  -0.0380 -0.0100 -0.0540 -0.0300 -0.0140 -0.0170 -0.0640 -0.0270 -0.0470 -1.6145 -0.0590 -0.0800 -0.9424 -3.1896 -0.0480 -0.0826 -2.1830 -0.6009 -0.0180 -1.3467 -0.0750 -0.0450 -0.6297 -3.8841 -0.0599 -0.0370 -1.8104 -2.2747 0.0227 -0.1120 -1.7450 -0.1003 -0.0720 0.0360 -0.0390 -0.4886 -3.9881 -0.1660 -1.2462 -0.0120 -0.6848 -1.3733 -0.0530 -4.1598 -0.2005 -0.0330 -0.6197 -1.1750 -0.1038 -0.0680 -1.4047 -0.0240 0.0040 -0.9176 -0.1012 -0.0250 -0.2600 -1.6834 -0.0290 -0.0340 -0.5414 -0.0550 -0.0080 -0.0090
ZINC000485600051  -0.0710 -0.0190 -0.8037 -0.1227 -0.1101 -0.0680 -0.0290 -0.0180 -0.1345 -2.1968 -0.0380 -0.1220 -2.0104 -2.4208 -0.0740 -0.0820 -3.5222 -1.9071 -0.0400 -1.9614 -0.0670 -0.0570 -1.0695 -3.8371 -0.0740 -0.0760 -1.2836 -1.8538 -0.1042 -0.0690 -1.3190 -0.2431 -0.0220 -0.0900 -0.0560 -0.9318 -3.4429 -0.4557 -0.0980 -0.0220 -0.1785 -0.4968 -0.0080 -3.1470 -0.0880 -0.0590 -1.5853 -0.7819 -0.1504 -0.0310 -1.0900 -0.0230 0.0160 -2.4593 -0.3813 -0.0140 -0.3290 -3.3105 0.0250 -0.0680 -1.1660 -0.0805 -0.0120 -0.0150
ZINC000503674836  -0.0740 -0.0160 -0.7640 -0.0970 -0.0620 -0.0500 -0.0150 -0.0150 -0.1608 -2.2508 -0.0580 -0.0920 -1.6916 -3.0301 -0.0724 -0.0640 -2.5495 -1.6820 -0.0140 -1.6337 -0.0650 -0.0400 -0.3832 -3.6599 -0.0690 -0.0750 -2.3143 -2.3491 -0.0880 -0.0250 -1.2131 -0.2346 -0.0350 -0.0630 -0.0460 -1.0770 -4.4648 -0.2528 -0.6066 0.0640 -0.8950 -0.9310 -0.0340 -3.5069 -0.1090 -0.0570 -1.1476 -0.1718 -0.1100 -0.0400 -1.4563 -0.0350 0.0030 -1.9718 -0.1708 -0.0070 -0.1080 -1.8438 -0.0740 -0.0220 -0.6321 -0.0410 -0.0100 -0.0070
ZINC000506941038  -0.0380 -0.0350 -0.0962 -0.0640 -0.0830 -0.0790 0.0150 0.0080 -0.1600 -2.5289 -0.0310 -0.0720 -1.4659 -4.2586 -0.0882 -0.0380 -2.1692 -2.0095 -0.0130 -0.9021 -0.0580 -0.0210 -0.1600 -2.9508 -0.0310 -0.1420 -2.7543 -2.2660 -0.0887 -0.0470 -1.6365 -0.1750 -0.0660 0.0270 -0.0360 -0.7272 -5.3038 -0.1263 -1.0462 0.1070 -1.2559 -1.4734 -0.0580 -3.6009 -0.1576 -0.0620 -0.7278 -0.7999 -0.0880 -0.0620 -1.4083 -0.1360 -0.0300 -1.8677 -0.7254 -0.0610 -0.0610 -2.0495 -0.1100 -0.0500 -0.3941 -0.0500 -0.0140 -0.0120
ZINC000516526701  -0.0460 -0.0170 -0.0953 -0.0430 -0.0240 -0.0260 -0.0200 -0.0070 -0.2874 -2.2565 -0.0747 -0.1010 -1.7958 -3.8849 -0.0570 -0.0797 -1.6777 -0.7228 -0.0320 -0.8685 -0.0380 -0.0390 -0.3186 -2.9932 0.0135 -0.1600 -2.9205 -0.7842 -0.0801 -0.1460 -2.3342 -0.1807 -0.0670 -0.0110 -0.0510 -0.6263 -1.5068 -0.2397 -0.1773 0.0150 -0.2822 -0.4418 -0.0370 -3.1832 -0.0860 -0.0668 -1.1767 -1.9044 -0.0770 -0.0970 -1.3179 -0.0490 -0.0170 -1.7232 -0.2117 -0.0480 -0.0564 -1.1323 -0.1456 -0.0530 -0.3901 -0.1299 -0.0570 -0.0070
ZINC000518437019  -0.0550 -0.0030 -0.9387 -0.0990 -0.0140 -0.0350 -0.0380 -0.0290 -0.0974 -1.7246 -0.0740 -0.0770 -1.0964 -2.7718 -0.0590 -0.0550 -1.9749 -1.7876 -0.0150 -1.2255 -0.0560 -0.0340 -0.3228 -3.0337 -0.0770 -0.0600 -2.4128 -1.0080 -0.0480 -0.0260 -0.2802 -0.0587 -0.0360 -0.0450 -0.0714 -0.9909 -5.2623 -0.8184 -0.7979 -0.0070 -1.2370 -1.3968 -0.0410 -3.7617 -0.1251 -0.0330 -1.4946 -0.9509 -0.1829 -0.0390 -1.1997 -0.0250 -0.0260 -2.1267 -0.2483 -0.0310 -0.0850 -1.2195 -0.0690 -0.0150 -0.4752 -0.0530 0.0030 -0.0100
ZINC000521509217  -0.0430 -0.0200 -0.1746 -0.0550 -0.0520 -0.0530 -0.0190 -0.0200 -0.0915 -2.3828 -0.0520 -0.0983 -1.9387 -2.9108 -0.0850 -0.0700 -2.9723 -2.1778 -0.0490 -0.7532 -0.0460 -0.0250 -0.2227 -2.1465 -0.0250 -0.0670 -2.1898 -1.6381 -0.0255 -0.0760 -2.4083 -0.2893 -0.0380 -0.0260 -0.0220 -0.6014 -2.5019 -0.3191 -0.0540 -0.0070 -0.0310 -0.0610 -0.0170 -1.5820 -0.0290 -0.0399 -1.0466 -1.1497 -0.0680 -0.0490 -1.3682 -0.0719 -0.0150 -2.1648 -0.7338 -0.0540 -0.1340 -3.4405 -0.1050 -0.0440 -0.5819 -0.0710 -0.0100 -0.0130
ZINC000531559552  -0.0788 -0.0280 -0.5792 -0.0580 -0.0310 -0.0300 -0.0300 -0.0230 -0.1181 -2.9101 -0.0910 -0.1081 -1.2765 -2.5460 -0.0840 -0.0610 -3.0635 -1.3407 -0.0270 -1.1552 -0.0500 -0.0350 -0.2954 -2.1585 -0.0170 -0.1030 -2.1539 -2.1814 -0.0790 -0.0870 -2.4326 -0.3319 -0.0360 -0.0090 -0.0350 -0.0827 -4.1432 -0.7663 -0.0810 -0.0010 -0.1013 -0.0900 -0.0220 -1.9379 -0.0510 -0.0884 -0.9663 -1.1923 -0.0670 -0.0920 -1.6290 -0.0530 -0.0080 -1.9098 -0.1738 -0.0300 -0.1158 -2.7632 -0.0740 -0.0700 -0.7409 -0.0460 -0.0240 -0.0060
ZINC000533474717  -0.0640 -0.0460 -0.8634 -0.0960 -0.0820 -0.0480 0.0180 -0.0060 -0.1995 -2.5390 -0.0040 -0.1000 -1.7059 -3.3756 -0.0428 -0.0540 -3.0391 -2.2800 -0.0160 -1.7925 -0.0690 -0.0450 -0.2951 -3.8194 -0.0320 -0.1250 -2.4540 -2.0484 -0.0570 -0.0590 -1.7793 -0.1504 -0.0500 -0.0450 -0.0570 -1.1017 -5.4521 -0.7084 -0.8000 -0.0080 -0.8255 -0.8590 -0.0260 -2.4522 -0.1060 -0.0498 -0.2478 -0.9253 -0.0870 -0.0360 -1.6712 -0.0430 0.0160 -1.8085 -0.2368 0.0000 -0.0590 -1.1361 -0.0010 -0.0260 -0.1932 -0.0350 -0.0130 -0.0070
ZINC000534783628  -0.0670 -0.0390 -0.5762 -0.1813 -0.0966 -0.0490 0.0280 -0.0020 -0.2981 -2.9627 -0.0280 -0.0911 -1.0784 -4.0288 -0.0642 -0.0987 -3.1764 -1.3631 -0.0060 -1.9218 -0.0670 -0.0420 -0.3266 -3.4950 -0.0140 -0.1540 -2.2854 -2.1634 -0.0380 -0.0670 -1.9066 -0.1232 -0.0430 -0.0360 -0.0646 -0.9764 -4.9310 -0.7792 -0.6997 -0.0010 -0.5639 -0.8385 -0.0200 -0.7374 -0.1214 -0.0603 -0.4390 -1.0931 -0.0954 -0.0290 -1.9516 -0.0770 -0.0160 -1.4525 -0.1606 -0.0230 -0.0100 -1.2555 -0.0410 -0.0280 -0.2408 -0.0340 -0.0150 -0.0070
ZINC000537551486  -0.0690 0.0010 -0.8718 -0.1126 -0.0420 -0.0360 -0.0250 -0.0180 -0.1281 -1.8750 -0.0410 -0.0930 -1.5337 -2.6975 -0.0410 -0.0750 -2.6691 -2.7381 0.0140 -1.7069 -0.0420 -0.0530 -0.8697 -3.7744 -0.0420 -0.0630 -2.1418 -1.8267 -0.0830 -0.0230 -1.2323 -0.2280 -0.0400 0.0400 -0.0550 -1.6432 -4.1212 -0.5664 -0.3331 0.0210 -0.6513 -0.6616 -0.0250 -3.5299 -0.1040 -0.0593 -0.7598 -0.4881 -0.0959 -0.0510 -2.0606 -0.0330 -0.0130 -2.0717 -0.1532 -0.0120 -0.1450 -2.6793 0.0070 -0.0280 -0.6272 -0.0460 -0.0100 -0.0080
ZINC000538517902  -0.0874 -0.0410 -0.1487 -0.0910 -0.0490 -0.0540 -0.0120 -0.0270 -0.1139 -2.2784 -0.0240 -0.1230 -1.6423 -3.3875 -0.0300 -0.0680 -2.8904 13.7390 -0.0280 6.3647 -0.0570 -0.0360 -0.2855 -3.0947 -0.1220 -0.0600 -0.4306 28.3216 -0.1057 0.0490 -1.7325 -0.2879 -0.0130 -0.0290 -0.0550 -0.6091 -2.6804 -0.3284 -0.1713 -0.0190 -0.3226 -0.7371 -0.0220 -4.2155 -0.1010 -0.0760 -0.8557 -1.4111 -0.0980 -0.0740 -2.2318 -0.1600 -0.0210 7.9854 -0.6366 -0.0470 -0.3312 14.1427 -0.0670 -0.0580 -0.8212 -0.0800 0.0040 -0.0230
ZINC000545662443  -0.0400 -0.0090 -0.0610 -0.0340 -0.0220 -0.0280 -0.0230 -0.0170 -0.1670 -2.3540 -0.0550 -0.0860 -1.3274 -2.1760 -0.0450 -0.0600 -2.2335 -0.7716 0.0170 -0.9636 -0.0600 -0.0520 -0.9588 -3.8920 -0.0440 -0.0860 -2.7791 -1.9434 -0.0583 -0.0640 -1.7066 -0.1569 -0.0570 -0.0360 -0.0170 -0.3702 -4.5875 -0.1517 -0.8426 0.0600 -1.1334 -1.5424 -0.0380 -3.5768 -0.1483 -0.0530 -0.6832 -1.1399 -0.1070 -0.0200 -1.5318 -0.0540 -0.0230 -2.0917 -0.3535 -0.0330 0.0610 -2.0212 -0.0920 -0.0060 -0.3698 -0.0350 -0.0030 -0.0090
ZINC000545734765  -0.0430 -0.0110 -0.0726 -0.0440 -0.0360 -0.0330 -0.0280 -0.0270 -0.1120 -2.1637 -0.0610 -0.0650 -1.2865 -2.6746 -0.0520 -0.0844 -2.6783 -3.5803 0.0134 -1.0070 -0.0590 -0.0370 -0.6643 -3.5282 -0.0600 -0.0580 -2.4512 -1.6028 -0.0895 0.0100 -1.1673 -0.1822 -0.0520 -0.0300 -0.0240 -0.4949 -3.5492 -0.2981 -0.9525 -0.0020 -1.0275 -1.3235 -0.0500 -2.9822 -0.1347 -0.0650 -1.0952 -0.4515 -0.0960 -0.0370 -1.7702 -0.0580 -0.0240 -2.1608 -0.4751 -0.0530 0.0290 -1.9912 -0.0960 -0.0100 -0.2993 -0.0360 0.0060 -0.0140
ZINC000545813596  -0.0640 -0.0160 -0.1710 -0.0530 -0.0200 -0.0410 -0.0300 -0.0150 -0.1515 -2.4612 -0.0790 -0.0900 -1.1477 -1.7483 -0.0800 -0.0860 -2.2759 -1.9321 -0.0140 -0.9209 -0.0560 -0.0700 -1.1232 -2.9889 0.0240 -0.1100 -2.6074 -0.5746 -0.0150 -0.1140 -2.2736 -0.0690 -0.0350 -0.0060 -0.0360 -0.4612 -3.5683 -0.3059 -0.1271 -0.0140 -0.2710 -0.3429 -0.0090 -2.5752 -0.0710 -0.0381 -1.1476 -1.1347 -0.8226 -0.0220 -2.2591 -0.1582 -0.0600 -1.9038 -0.7456 -0.0760 -0.1300 -2.4390 -0.0810 -0.0510 -0.7808 -0.0360 -0.0290 -0.0010
ZINC000553141949  -0.0740 -0.0710 -0.5872 -0.1180 -0.1070 -0.0990 -0.0110 -0.0060 -0.1773 -2.1958 -0.0250 -0.0820 -0.7033 -4.2266 -0.0493 -0.0701 -2.7097 -4.5132 0.0120 -1.8888 -0.0620 -0.0450 -0.6172 -3.0265 -0.0455 -0.0830 -2.4208 -1.5431 -0.0400 -0.0610 -0.7799 -0.0901 -0.0360 0.0050 -0.0550 -2.4787 -4.6945 -1.1364 -0.2074 0.0170 -0.1752 -0.2504 -0.0240 -2.0258 -0.0600 -0.0400 -0.4110 -1.2239 -0.0570 -0.0960 -1.6231 -0.6930 -0.0835 -3.0162 -0.5069 -0.0877 -0.0240 -1.9091 -0.1421 -0.0290 -0.2413 -0.0490 -0.0200 -0.0050
ZINC000560834734  -0.0936 -0.0200 -0.2129 -0.0560 -0.0360 -0.0330 -0.0420 -0.0240 -0.4958 -3.4384 -0.1538 -0.0827 -1.5196 -2.1828 -0.1198 -0.1015 -3.5136 -1.8290 0.0783 -3.0363 -0.1280 -0.0540 -1.2126 -3.5897 -0.1281 -0.0500 -1.7389 -2.4575 -0.0440 -0.0780 -1.2422 -0.1063 -0.0370 -0.0640 -0.0240 -0.6954 -2.9642 -0.3575 -0.2163 -0.0140 -0.3464 -0.6021 -0.0180 -2.8590 -0.0800 -0.0280 -0.9104 -1.3971 -0.1030 -0.0170 -1.6077 -0.0250 0.0110 -1.9111 -0.3034 -0.0070 -0.1340 -3.2741 -0.1180 -0.0230 -0.3961 -0.0480 -0.0120 -0.0080
ZINC000574318525  -0.0620 -0.0090 -0.0940 -0.0480 -0.0170 -0.0250 -0.0550 -0.0340 -0.2546 -2.4106 -0.0660 -0.1000 -1.2297 -3.1886 -0.0686 -0.1105 -1.7910 -0.5500 0.0040 -0.3692 -0.0470 -0.0510 -0.7500 -3.8118 -0.0400 -0.0700 -3.0908 -1.1240 -0.0676 -0.0310 -1.4412 -0.0798 -0.0510 -0.1230 -0.0210 -0.7476 -1.3630 -0.2346 -0.4475 -0.0540 -0.2092 -0.8635 -0.0330 -2.3161 -0.0878 -0.0420 -0.9901 -1.2876 -0.1280 -0.0310 -1.3645 -0.0360 -0.0150 -1.1169 -0.2012 -0.0370 -0.1390 -1.3554 -0.0190 -0.0470 -0.4531 -0.0510 -0.0070 -0.0120
ZINC000618737218  -0.0582 -0.0220 -0.1287 -0.0730 -0.0240 -0.0280 -0.0400 -0.0140 -0.1994 -2.9679 -0.0770 -0.1007 -1.1302 -3.9279 -0.0706 -0.1088 -3.0655 -1.4021 -0.0380 -1.1899 -0.0590 -0.0500 -0.8297 -3.3645 -0.0500 -0.1030 -3.1370 -1.9134 -0.2091 -0.1847 -2.7767 -1.1824 -0.0310 0.0070 -0.0320 -0.4262 -2.5044 -0.2570 -0.0920 0.0030 -0.1257 -0.1866 -0.0210 -0.9675 -0.0680 -0.1573 -1.0360 -1.2389 -0.0650 -0.0670 -1.6586 -0.0390 0.0090 -1.8124 -0.1761 -0.0110 -0.1060 -1.8079 -0.0731 -0.0640 -0.9465 -0.0670 -0.0440 0.0000
ZINC000626727005  -0.1308 -0.0120 -0.1624 -0.0710 -0.0160 -0.0240 -0.0190 -0.0070 -0.1479 -2.0127 -0.0490 -0.0980 -1.3783 -2.9104 -0.0683 -0.1224 -2.1743 -1.6704 0.0050 -1.2331 -0.0510 -0.0400 -0.4315 -2.7829 -0.0720 -0.0870 -3.0424 -1.7601 -0.1097 -0.0902 -1.9809 -0.3343 -0.0290 -0.0210 -0.0370 -0.5305 -3.4200 -0.6495 -0.1000 0.0080 -0.0340 -0.0550 -0.0220 -1.2205 -0.0440 -0.0989 0.2191 -1.5133 -0.1851 -0.0610 -1.2757 -0.0370 0.0030 -1.8488 -0.1915 -0.0180 -0.0850 -0.3245 -0.0640 -0.0530 -0.8549 -0.0500 -0.0390 0.0000
ZINC000656437337  -0.0420 -0.0080 -0.0700 -0.0430 -0.0100 -0.0200 -0.0430 -0.0400 -0.1367 -2.4314 -0.0470 -0.1050 -1.2636 -1.4930 -0.0510 -0.0730 -2.5881 -0.9012 -0.0050 -0.7571 -0.0660 -0.0520 -0.5742 -4.2036 -0.1550 -0.0500 -2.8393 -4.1293 -0.1375 -0.0216 -0.5974 -0.2167 -0.0400 -0.0470 -0.0230 -0.3553 -4.0785 -0.2151 -0.9171 0.0520 -1.2110 -1.5437 -0.0420 -4.7918 -0.1676 -0.0650 -1.1405 -2.0083 -0.2832 -0.0510 -2.3667 -0.0260 -0.0100 -1.2096 -0.1043 -0.0330 -0.1080 -0.5616 -0.0770 -0.0540 -1.0049 -0.0460 -0.0280 -0.0040
ZINC000675235971  -0.1597 -0.0540 -0.6417 -0.1523 -0.0500 -0.0340 -0.0310 -0.0130 -0.1260 -2.1731 -0.0540 -0.0690 -1.1661 -3.4384 -0.0520 -0.0700 -1.8694 -1.5365 -0.0150 -1.0211 -0.0440 -0.0320 -0.2870 -2.3957 -0.0440 -0.0860 -2.7698 -0.6517 -0.1113 -0.1230 -3.4012 -0.3902 -0.0290 -0.0190 -0.0380 -0.9075 -3.4001 -0.7954 -0.0780 0.0020 -0.0590 -0.0540 -0.0160 -1.7057 -0.0500 -0.0904 -0.5995 -1.3075 -0.0762 -0.0840 -1.4005 -0.0610 0.0000 -1.1127 -0.1217 -0.0230 -0.2500 -3.8328 -0.0040 -0.0430 -0.6737 -0.0620 -0.0270 -0.0040
ZINC000678649667  -0.0500 -0.0140 -1.0549 -0.2126 -0.5695 -0.1392 -0.0090 -0.0050 -0.1555 -2.5036 -0.0190 -0.0660 -1.2989 -3.4452 -0.0340 -0.0510 -2.3959 -3.1490 -0.0230 -0.9562 -0.0580 -0.0280 -0.2321 -4.0596 -0.0850 -0.0650 -2.2641 -2.9070 -0.0670 -0.0620 -2.2777 -0.1011 -0.0580 0.0010 -0.0838 -2.1377 -5.8040 -0.1914 -1.1612 0.1280 -1.5372 -1.6439 -0.0460 -4.0519 -0.1784 -0.0550 -0.9501 -1.6029 -0.0880 -0.0920 -2.0269 -0.5252 -0.0931 -1.8903 -1.2015 -0.0500 -0.3224 -1.1742 0.0100 -0.1190 -1.1663 -0.0640 -0.0310 -0.0090
ZINC000680685562  -0.0180 -0.1244 -2.0079 -0.1652 -0.8989 -0.1906 -0.0300 -0.0140 -0.0810 -1.9742 -0.0430 -0.0350 -0.2330 -1.1623 -0.0370 -0.0300 -1.9293 -3.0412 -0.0110 -0.5755 -0.0410 -0.0190 -0.1130 -1.4410 -0.0130 -0.0670 -2.0218 -2.3084 -0.0040 -0.0880 -2.3901 -0.0120 -0.0530 -0.0150 -0.3282 -1.5596 -5.4692 -0.7705 -0.5603 -0.0040 -0.5525 -1.0459 -0.0420 -2.5613 -0.1369 -0.0290 -0.9340 -1.0420 -0.0310 -0.1330 -2.2927 -1.0200 -0.3598 -3.1019 -1.2769 -0.0490 -0.2077 -1.6676 -0.1167 -0.0500 -1.0192 -0.0750 -0.0240 -0.0070
ZINC000749087800  -0.0774 -0.0190 -0.1825 -0.0550 -0.0190 -0.0260 -0.0330 -0.0240 -0.1256 -2.3879 -0.0880 -0.1340 -1.8364 -2.0755 -0.0730 -0.0934 -2.3579 -0.5938 -0.0130 -0.3137 -0.0400 -0.0540 -0.6083 -2.5559 0.0530 -0.1500 -3.4851 -1.1857 -0.0837 -0.0810 -2.4800 -0.2764 -0.1039 0.0040 -0.0390 -0.5086 -4.3111 -0.4454 -0.9264 -0.0160 -1.5172 -1.5534 -0.0671 -4.3992 -0.1560 -0.0720 -0.8959 -1.0181 -0.0937 -0.0610 -1.2378 -0.0430 -0.0220 -1.2614 -0.1420 -0.0500 -0.1430 0.2823 -0.1110 -0.0640 -0.4034 -0.0430 -0.0120 -0.0090
ZINC000788975729  -0.0990 0.0100 -1.0248 -0.1000 -0.0200 -0.0300 -0.0230 -0.0160 -0.1494 -1.9201 -0.0320 -0.0620 -1.2574 -2.4155 -0.0470 -0.0680 -2.6512 -1.8203 -0.0300 -2.1614 -0.0520 -0.0270 -0.4897 -3.2460 -0.0270 -0.0560 -2.4018 -1.9699 -0.0629 -0.1010 -1.6307 -0.5106 -0.0620 -0.0030 -0.0650 -0.6742 -3.8578 -0.7698 -0.1388 -0.0030 -0.2736 -0.5414 -0.0220 -2.7296 -0.0870 -0.0672 -1.1775 -0.6465 -0.1100 -0.0400 -2.0566 -0.0170 -0.0200 -1.9247 -0.1549 -0.0170 -0.1121 -2.2757 -0.1020 0.0010 -0.6234 -0.0700 -0.0100 -0.0120
ZINC000801267565  -0.0513 -0.0140 -0.2220 -0.0580 -0.0170 -0.0270 -0.0510 -0.0400 -0.0710 -2.6075 -0.0870 -0.0300 -0.5817 -2.5102 -0.0850 -0.0944 -3.3370 -1.1193 -0.0620 -0.4505 -0.0510 -0.0250 -0.1226 -2.8806 -0.1041 -0.0110 -2.0202 -1.9773 -0.0310 -0.0320 -1.5459 -0.0100 -0.0370 -0.0210 -0.0360 -0.3970 -3.8534 -0.5960 -0.1360 -0.0020 -0.1544 -0.4630 -0.0340 -1.1440 -0.1200 -0.1514 -1.1456 -1.8484 -0.6060 -0.1110 -2.0547 -0.0390 -0.0040 -1.1856 -0.0852 -0.0500 -0.4319 -3.0200 0.0040 -0.1690 -2.2130 -0.1020 -0.0480 -0.0140
ZINC000851311070  -0.0730 -0.0894 -2.1259 -0.1603 -0.6892 -0.1064 -0.0110 -0.0190 -0.1331 -2.0997 -0.0120 -0.1080 -1.8329 -2.7545 -0.0520 -0.0620 -2.8946 -1.9752 -0.0340 -1.9800 -0.0490 -0.0590 -1.0333 -3.2008 -0.0200 -0.1000 -3.0372 -1.7530 -0.0610 -0.0400 -2.2899 -0.2539 -0.0310 -0.0460 -0.1425 -0.7857 -4.2419 -0.7115 -0.0940 -0.0030 -0.0881 -0.0913 -0.0160 -2.0144 -0.0430 -0.0513 -1.3690 -1.1494 -0.0760 -0.0770 -1.3073 -1.7010 -0.3399 -2.8873 -0.9197 -0.0440 -0.3340 -2.8161 0.0110 -0.0140 -0.8748 -0.1134 0.0100 -0.0220
ZINC000872466978  -0.0350 -0.0110 -0.1715 -0.0390 -0.0260 -0.0250 -0.0070 -0.0100 -0.2344 -2.9437 -0.0250 -0.1050 -1.0879 -3.4073 -0.0480 -0.0290 -1.4587 -1.6182 -0.0070 -0.6306 -0.0500 -0.0420 -0.3926 -3.3435 0.0130 -0.1230 -2.4073 -1.8863 -0.0461 -0.0770 -1.8119 -0.1052 -0.0690 0.0230 -0.0460 -0.4811 -3.9447 -0.2423 -1.0034 -0.0050 -1.1784 -1.2497 -0.0500 -3.4755 -0.1303 -0.0480 -0.5258 -1.1761 -0.0880 -0.0480 -0.9500 -0.0310 0.0080 -1.7665 -0.2282 -0.0200 -0.1020 -2.6239 -0.0510 -0.0560 -1.0870 -0.0840 -0.0300 -0.0080
ZINC001116891451  -0.0560 -0.0120 -0.3822 -0.0770 -0.0500 -0.0530 -0.0270 -0.0190 -0.0825 -1.9300 -0.0750 -0.0780 -1.0644 -2.9876 -0.0940 -0.0990 -2.5402 -1.2881 0.0100 -1.2040 -0.0460 -0.0390 -0.4738 -3.0637 -0.0189 -0.0590 -2.1925 -1.0963 -0.0050 -0.0550 -1.8475 -0.0460 -0.0783 -0.0360 -0.0580 -1.7794 -4.9943 -0.3148 -0.8706 -0.0300 -1.4154 -1.3032 -0.0340 -3.6821 -0.1397 -0.0420 -0.6059 -1.2179 -0.1040 -0.0300 -1.8932 0.0012 -0.0190 -2.5566 -0.6341 -0.0690 -0.0571 -1.8460 -0.1138 -0.0490 -0.5534 -0.0610 -0.0070 -0.0110
ZINC001341460450  -0.0390 -0.0040 -0.5818 -0.0670 -0.0120 -0.0300 -0.0720 -0.0520 -0.1987 -3.0895 -0.0990 -0.0510 -0.9639 -3.8708 -0.0620 -0.0590 -1.2398 -1.0046 -0.0240 -1.5699 -0.0550 -0.0280 -0.3179 -3.6830 -0.0540 -0.0600 -2.5011 -2.1425 -0.0550 -0.0650 -2.3265 -0.1401 -0.0530 -0.0460 -0.0390 -2.0381 -4.3503 -0.4892 -0.5544 0.0240 -0.5527 -0.7268 -0.0450 -3.3262 -0.1030 -0.0510 -0.8752 -0.9553 -0.0880 -0.0600 -1.4001 -0.0330 -0.0250 -1.3431 -0.1585 -0.0410 -0.2210 -2.4972 -0.0930 -0.0150 -1.1185 -0.1043 0.0040 -0.0160
ZINC001354696198  -0.0430 -0.0050 -0.1345 -0.0580 -0.0140 -0.0270 -0.7154 -0.3691 -0.4073 -4.9220 -0.1030 -0.1130 -1.9315 -3.7087 -0.0890 -0.0890 -2.3938 -0.7454 -0.0976 -3.0173 -0.0860 -0.0280 -0.8429 -2.3822 -0.0110 -0.1360 -3.9677 -0.8162 -0.0821 -0.2515 -1.9900 -0.0760 -0.0350 0.0000 -0.0320 -0.6847 -2.7844 -0.3310 -0.0790 0.0020 -0.0494 -0.0672 -0.0190 -1.3275 -0.0410 -0.0320 -1.2305 -1.3814 -0.0590 -0.1020 -1.6786 -0.0200 -0.0150 -0.8640 -0.1196 -0.0530 -0.3252 -4.3955 -0.1798 -0.1560 -2.5881 -1.4771 -0.2280 -0.4103
ZINC001435197878  -0.0710 -0.0340 -0.6661 -0.0980 -0.0410 -0.0390 -0.0190 -0.0160 -0.1954 -2.8298 -0.0820 -0.1053 -1.2222 -2.1708 -0.1160 -0.0842 -3.0589 -2.0117 -0.0180 -2.1528 -0.0490 -0.0440 -0.5850 -2.5360 -0.0120 -0.1060 -2.6267 -1.7911 -0.0190 -0.1030 -3.1767 -0.0392 -0.0360 -0.0900 -0.0290 -1.9020 -3.6603 -0.9616 -0.0820 -0.0160 -0.1413 -0.3525 -0.0120 -2.5115 -0.0630 -0.0524 -1.0794 -1.7720 -0.0960 -0.0450 -1.5444 -0.0220 0.0140 -1.8827 -0.3654 -0.0120 -0.1706 -1.8657 -0.1041 -0.0940 -0.9731 -0.0904 -0.0290 -0.0090
ZINC001458055901  -0.0440 -0.0100 -0.0510 -0.0300 -0.0170 -0.0200 -0.0120 -0.0110 -0.1476 -2.3715 -0.0040 -0.1070 -1.6797 -2.9082 -0.0280 -0.0610 -1.8901 -0.7816 -0.0180 -1.1101 -0.0530 -0.0440 -0.5547 -3.2940 -0.0140 -0.0810 -2.2853 -2.1091 -0.0460 -0.0140 -1.2978 -0.1129 -0.0770 0.0120 -0.0430 -0.6303 -3.8016 -0.0889 -0.8546 0.0250 -0.6801 -1.4552 -0.1090 -2.9521 -0.1903 -0.0588 -0.3391 -0.9651 -0.0730 -0.0830 -1.8727 -0.0440 0.0000 -1.1277 -0.2005 -0.0280 -0.2071 -2.7060 -0.0166 -0.0520 -1.0822 -0.0820 -0.0190 -0.0110
