Comp_ID  11 11 22 24 25 26 27 28 86 87 88 89 90 91 92 93 94 95 98 99 100 101 105 106 107 108 109 110 111 112 113 114 115 116 117 118 120 121 164 165 167 168 180 181 182 183 184 185 186 187 190 191 194 195 198 202 256 257 258 260 261 262 264 265 275 277 278 279 280 281 282 284 285 286 287 288 289 290
BRI-13501  -0.0050 -0.0320 -0.0626 -0.5970 -0.2062 -0.4267 -0.1262 -0.1398 -1.9998 -0.0370 -0.0630 -1.6052 -3.7335 -0.0714 -0.1216 -1.4984 -5.1571 -0.0440 -0.0170 -0.0180 -0.0150 -0.0260 -1.0396 -0.0470 -0.0290 -0.3500 -3.5941 -0.0840 -0.0770 -1.9470 -3.1332 -0.0530 -0.0340 -1.9582 -0.0370 -0.0190 -0.0280 -0.0540 0.0650 -0.0900 -0.1766 -0.0030 -0.1270 -1.7134 -6.8251 -0.7042 -0.0850 -1.3338 0.0940 -0.7635 -1.7538 -2.5552 -0.2265 -0.1128 -0.0120 -0.0030 -0.0170 -1.1355 -0.0300 -0.9392 -0.2019 -0.0890 -1.8436 -0.0080 -0.0520 -1.1387 -0.1892 -0.0510 -2.5996 -1.2859 -0.0930 -4.1297 -0.1490 -0.0140 -0.6100 -0.0750 -0.0040 0.0020
BRI-13505  -0.0010 -0.1350 -0.1117 -2.8985 -0.4200 -1.3482 -0.5716 -0.1450 -1.4746 0.0030 -0.0290 -0.1590 -1.4455 -0.0170 -0.0410 -1.7002 -3.1648 -0.0340 -0.0090 -0.0080 0.0020 -0.0110 -0.0529 -0.0110 -0.0040 -0.1520 -1.8899 0.2199 -0.1170 -2.9371 -0.9739 -0.0571 0.0900 -2.6667 -0.1264 -0.0800 -0.0750 -0.0970 0.2519 -0.0980 -0.1692 -0.0675 -0.5399 -2.0858 -5.9240 -0.4577 -0.0690 -1.5014 0.0210 -1.0510 -1.5992 -4.3658 -0.1906 -0.1554 0.0090 -0.0130 -0.0430 -0.0713 -0.0180 -1.0206 -0.1907 -0.1060 -3.2634 0.0785 -0.1410 -2.3981 -0.4931 -0.1040 -4.4104 -1.6888 0.0868 -5.5618 -0.1826 -0.0210 -0.7977 -0.0330 -0.0200 -0.0430
BRI-13508  -0.0140 -0.1585 -0.0030 -0.0910 -0.0630 -0.0140 -0.0200 -0.0960 -2.7641 -0.1230 -0.0140 -1.6320 -2.9689 -0.1360 -0.5582 -3.7540 -1.3400 -0.0470 -0.0004 -0.0410 0.2393 -0.0490 -1.3039 -0.0800 -0.0380 -0.9295 -3.3370 -0.1064 -0.0490 -2.7041 -2.4154 -0.0970 -0.0700 -3.3971 -0.5930 -0.0810 -0.5374 -0.0410 -0.0750 -0.0080 -0.0370 -0.0460 -0.0230 -0.1316 -4.0838 -0.4249 -0.0350 -0.5964 -0.0460 -0.6265 -0.7449 -3.1886 -0.1140 -0.9946 -0.2851 -0.0190 -0.0920 -2.4661 -0.0470 -1.4675 -1.4757 -0.0690 -2.4474 0.0020 -0.0080 -0.0300 -0.0130 -0.0180 -1.4317 -0.0712 -0.1660 -2.5283 -0.0760 -0.0820 -0.8919 -0.0500 -0.0290 -0.1010
BRI-13510  -0.0040 -0.0660 -0.0806 -1.1199 -0.3473 -0.6636 -0.2933 -0.0750 -1.8402 -0.0010 -0.0260 -0.1760 -1.6378 0.0040 -0.0570 -1.7246 -4.0997 -0.0650 -0.0080 -0.0140 -0.0010 -0.0160 -0.0460 -0.0320 -0.0220 -0.1330 -2.3187 -0.1220 -0.0730 -1.7421 -2.6013 -0.1020 -0.1200 -3.8740 -0.0266 -0.0550 -0.0720 -0.0390 -0.1280 -0.0500 -0.0899 0.1672 0.6230 -1.3206 -5.4514 -0.4348 -0.0500 -0.7608 0.1053 -1.0622 -1.2440 -2.7036 -0.2046 -0.1724 -0.0240 -0.0060 -0.0330 -1.6935 -0.0200 -0.7860 -0.2220 -0.1050 -2.2549 0.0120 -0.1330 -3.1037 -0.3035 -0.0730 -3.8789 -1.7080 -0.0678 -4.0110 -0.1440 -0.0300 -1.0586 -0.0760 -0.0140 -0.0120
BRI-13515  -0.0070 -0.0980 -0.0100 -0.0570 -0.0410 -0.0120 -0.0150 -0.2325 -2.1214 -0.0360 -0.0570 -1.7587 -2.7213 -0.0630 -0.2480 -2.5331 -0.7983 0.0020 -0.0684 -0.0440 0.4498 -0.0980 -2.5304 -0.1110 -0.0410 -2.1116 -4.6273 -0.1969 -0.1040 -2.5069 -1.8848 -0.0850 -0.0220 -3.0860 -0.0690 -0.0400 -0.0430 -0.0430 -0.1287 -0.0980 -0.6111 -0.0185 -0.0260 -0.3583 -4.0494 -0.1356 -0.0790 -0.7142 -0.1585 -0.3111 -1.5002 -3.8678 -0.1527 -0.1150 -0.0160 -0.0130 -0.0390 -1.5161 -0.0490 -1.3992 -0.2242 -0.0570 -1.6194 -0.0040 -0.0100 -0.0220 -0.0070 -0.0170 -1.1068 -0.0620 -0.1510 -1.7631 -0.0936 -0.1100 -0.0501 -0.1629 -0.0280 -0.0450
BRI-13516  -0.0040 -0.1024 -0.0120 -0.2141 -0.0800 -0.0260 -0.0330 -0.1025 -1.4547 -0.0230 -0.0860 -2.0463 -2.9813 -0.0420 -0.2773 -2.8810 -1.2716 -0.0400 -0.0671 -0.0320 -0.2478 -0.0710 -1.6331 -0.0920 -0.0170 -0.4068 -4.4211 -0.2191 -0.0610 -2.1772 -4.2841 -0.1000 -0.1080 -2.2829 -0.1567 -0.0160 -0.0477 -0.0320 -0.1780 -0.0200 -0.1487 -0.0050 -0.0330 -0.5793 -4.6198 -0.2366 -0.0380 -1.4704 -0.0840 -0.3862 -1.3111 -2.7874 -0.2064 -0.1730 -0.0260 -0.0130 -0.0602 -1.0270 -0.0510 -1.2643 -0.1685 -0.1040 -2.8466 -0.0020 -0.0100 -0.0470 -0.0170 -0.0190 -1.4072 -0.1837 -0.1690 -1.4392 -0.0960 -0.0854 -1.6929 -0.0600 -0.0240 -0.0540
BRI-13517  -0.0100 -0.1684 -0.0280 -0.7414 -0.1050 -0.0410 -0.0330 -0.0350 -1.4795 -0.0050 -0.1770 -2.3973 -2.6115 -0.0869 -0.3434 -3.4843 -2.1317 -0.0760 -0.0080 -0.0420 0.0860 -0.0330 -1.6451 -0.0340 -0.0550 -0.7526 -2.2622 -0.0160 -0.1400 -2.7750 -0.7971 -0.1965 -0.0374 -1.9148 -0.7688 -0.0070 -0.0320 -0.0240 -0.2202 -0.0170 -0.0230 0.0120 -0.0380 -0.8228 -4.1853 -0.4929 -0.0440 -0.1310 0.0060 -0.1507 -0.1500 -1.1548 -0.0910 -0.2329 -0.0250 -0.0040 -0.0330 -2.0226 -0.0140 -0.9077 -0.3167 -0.0450 -2.2819 0.0030 -0.0170 -0.0630 -0.0040 -0.0230 -2.0484 -0.3071 -0.0352 -4.4149 -0.1480 -0.0060 -0.6874 -0.0630 -0.0100 -0.0120
BRI-13520  -0.0020 -0.1489 -0.0130 -0.1770 -0.0830 -0.0200 -0.0330 -0.2748 -2.9768 -0.0934 -0.0700 -1.6146 -3.8223 -0.0572 -0.3111 -4.5844 -1.4952 -0.0490 -0.0339 -0.0380 0.0286 -0.0550 -1.1069 -0.0650 -0.0600 -1.0841 -3.7397 -0.1080 -0.0580 -2.7247 -3.3835 -0.0650 -0.0710 -2.0965 -0.0800 -0.0330 -0.0510 -0.0490 -0.0170 -0.0450 -0.1381 -0.0340 -0.0270 -1.2397 -3.8489 -0.4301 -0.0640 -1.3457 -0.0290 -0.4274 -1.2903 -3.0338 -0.1789 -0.1733 -0.0140 -0.0100 -0.0440 -0.9146 -0.0300 -0.7028 -0.3461 -0.0640 -2.8237 -0.0110 -0.0100 -0.0450 -0.0200 -0.0200 -1.3458 -0.3928 -0.1670 -3.8018 -0.0480 -0.0830 -1.3611 -0.0490 -0.0230 -0.0500
BRI-13522  -0.0100 -0.2609 -0.0130 -0.0820 -0.0394 -0.0210 -0.0220 -0.0763 -1.3758 -0.0600 -0.1530 -1.3817 -3.1782 -0.1123 -0.8002 -3.4993 -1.8749 0.0020 -0.4132 -0.0240 -0.0416 -0.0380 -1.9692 -0.0870 -0.0770 -2.0570 -3.8260 -0.0600 -0.0850 -2.3490 -2.7630 -0.0840 -0.0300 -2.5310 -0.1150 -0.0340 -0.0440 -0.0560 -0.0295 -0.0420 -0.0712 -0.0100 -0.0410 -0.2974 -4.0798 -0.4150 -0.0600 -1.0072 -0.0060 -0.6399 -0.8524 -3.2772 -0.1190 -0.1387 -0.0090 -0.0100 -0.0350 -1.3594 -0.0300 -0.8794 -0.1695 -0.0720 -2.4815 0.0020 -0.0170 -0.0230 0.0040 -0.0270 -1.8258 -0.2527 -0.0703 -3.7414 -0.1100 -0.0490 -0.9716 -0.0550 -0.0180 -0.0330
BRI-13523  -0.0060 -0.1826 -0.0210 -0.1225 -0.0680 -0.0250 -0.0220 -0.1910 -1.8692 0.0040 -0.1820 -3.1815 -2.3973 0.0030 -0.3470 -3.5965 -3.2644 -0.0840 -0.0120 -0.0530 0.0379 -0.0610 -0.9718 -0.0370 -0.0551 -1.1615 -4.0680 0.2484 -0.2110 -3.8632 -1.2507 -0.0962 0.1250 -3.7189 -0.0188 -0.1070 -0.1160 -0.1110 0.4030 -0.1130 -0.1451 0.0440 -0.0540 -0.5180 -6.1697 -0.8875 -0.1090 -1.3935 0.0660 -0.7292 -1.1215 -3.2227 -0.2271 -0.2562 -0.0080 -0.0260 -0.0680 -1.3300 -0.0530 -1.4295 -1.0873 -0.1190 -2.5314 0.0060 -0.0270 -0.0530 0.0120 -0.0340 -1.7552 -0.1808 -0.0970 -1.5778 -0.0740 -0.1300 -1.4234 -0.0760 -0.0440 -0.1150
BRI-13525  -0.0070 -0.0484 -0.0340 -0.9925 -0.1481 -0.0670 -0.0380 -0.0770 -1.7001 0.0220 -0.1260 -1.3607 -2.3207 0.0375 -0.5331 -3.5463 -1.9110 -0.1350 0.0160 -0.0270 0.0900 -0.0310 -1.0922 -0.0470 -0.0580 -0.7411 -3.4202 -0.0280 -0.0800 -2.7540 -1.6867 -0.1132 -0.0330 -2.2688 -0.2344 -0.0280 -0.0390 -0.0700 -0.0581 -0.0320 -0.0783 0.0270 -0.0660 -0.8299 -5.3393 -0.9974 -0.0690 -0.9838 -0.0430 -0.5088 -1.0977 -2.9138 -0.1360 -0.1558 -0.0040 -0.0070 -0.0300 -0.7697 -0.0340 -1.0062 -0.1150 -0.0940 -2.1319 0.0050 -0.0250 -0.0860 0.0060 -0.0370 -1.2293 -0.1598 -0.2380 -3.6508 -0.0550 -0.0550 -0.7076 -0.0710 -0.0170 -0.0220
BRI-13528  -0.0060 -0.1615 -0.0150 -0.2384 -0.0830 -0.0280 -0.0310 -0.1150 -1.6727 -0.0230 -0.0980 -2.2128 -2.7902 -0.0470 -0.3411 -2.7889 -1.2812 -0.0450 -0.0856 -0.0350 -0.4065 -0.0810 -1.7016 -0.0750 -0.0110 -0.4841 -3.8599 -0.0770 -0.0610 -2.0043 -3.4023 -0.0850 -0.0820 -2.6973 -0.1214 -0.0290 -0.0420 -0.0410 -0.0480 -0.0520 -0.1500 0.0020 -0.0410 -0.6155 -4.6740 -0.2802 -0.0610 -0.7537 -0.0442 -0.7194 -1.9803 -3.8267 -0.1893 -0.1360 -0.0140 -0.0120 -0.0450 -1.1904 -0.0520 -1.3850 -0.1580 -0.1000 -2.0669 -0.0040 -0.0130 -0.0570 -0.0160 -0.0210 -1.4332 -0.1636 -0.1610 -1.6680 -0.1020 -0.0770 -0.7631 -0.0827 -0.0210 -0.0420
BRI-13530  -0.0010 -0.0740 -0.0110 -0.2415 -0.0430 -0.0230 -0.0230 -0.1771 -2.2183 -0.0330 -0.0600 -0.9129 -3.0820 -0.0620 -0.1230 -2.9159 -1.5343 -0.0260 -0.0190 -0.0160 0.0100 -0.0280 -1.2903 -0.0650 -0.0460 -0.5216 -3.1829 -0.1268 -0.1210 -2.0121 -2.6595 -0.1028 0.0000 -1.4071 -0.0693 -0.0210 -0.0190 -0.0430 -0.0410 -0.0700 -0.1291 0.0270 -0.0420 -0.3531 -4.6707 -0.6121 -0.0570 -1.3784 0.1010 -0.9339 -1.4999 -2.8884 -0.3327 -0.0938 -0.0090 -0.0050 -0.0170 -0.5697 -0.0060 -0.5124 -0.1737 -0.0170 -0.8136 -0.0010 -0.0150 -0.0560 -0.0140 -0.0140 -1.7632 -0.2693 0.0360 -2.5132 -0.1061 -0.0330 -0.4040 -0.0330 -0.0120 -0.0230
BRI-13533  -0.0040 -0.2982 -0.0270 -0.8736 -0.1090 -0.0510 -0.0360 -0.0830 -1.9891 -0.0560 -0.0710 -1.3984 -3.1691 -0.1000 -0.1160 -2.8588 -1.6539 -0.0390 -0.0190 -0.0220 0.0380 -0.0280 -1.4506 -0.0310 -0.0550 -0.6224 -2.9434 0.0150 -0.1070 -2.3885 -2.0950 -0.0560 -0.0180 -1.7445 -0.0900 -0.0180 -0.0200 -0.0570 -0.0322 -0.0450 -0.0982 -0.0120 -0.0450 -0.9306 -5.3899 -0.5472 -0.0580 -1.0790 -0.0130 -0.5924 -1.4067 -3.1253 -0.1548 -0.0916 -0.0100 -0.0070 -0.0230 -0.6393 -0.0330 -0.9380 -0.1175 -0.0610 -2.0119 -0.0010 -0.0170 -0.0750 -0.0070 -0.0230 -1.4922 -0.2263 -0.1516 -2.5350 -0.0615 -0.1220 -0.9612 -0.0560 -0.0200 -0.0290
BRI-13538  -0.0030 -0.0851 -0.0090 -0.0690 -0.0360 -0.0170 -0.0200 -0.2288 -2.5461 -0.0470 -0.0550 -1.5427 -3.4904 -0.0700 -0.1751 -2.9568 -1.6172 -0.0350 -0.0414 -0.0450 0.1989 -0.0590 -1.6766 -0.0540 -0.0490 -1.5159 -2.5168 -0.0090 -0.0530 -2.0797 0.0666 -0.0260 -0.0230 -3.3167 -0.0390 -0.0670 -0.0860 -0.0160 0.0050 -0.0100 -0.0120 0.0150 -0.0230 -0.4241 -2.8622 -0.1663 -0.0310 -0.0840 0.0090 -0.0130 -0.0370 -0.7729 -0.0410 -0.0830 -0.0290 -0.1810 -1.5568 -4.0188 -0.1660 -1.9523 -0.5315 -0.0590 -1.7465 -0.0020 -0.0140 -0.0500 -0.0130 -0.0190 -1.7466 -0.3002 -0.0971 -5.0224 -0.4455 -2.0724 -2.3597 -0.1621 -0.1770 -0.6439
BRI-13540  -0.0020 -0.0850 -0.0090 -0.0710 -0.0470 -0.0140 -0.0190 -0.2709 -2.6838 -0.0660 -0.0230 -1.1049 -3.1055 -0.1020 -0.2339 -2.6819 -1.4659 -0.0120 -0.0023 -0.0300 0.1416 -0.0460 -1.3227 -0.0490 -0.0320 -0.8226 -3.6945 0.0180 -0.1350 -3.5993 -2.0410 -0.1040 -0.0000 -2.3823 -0.1070 -0.0340 -0.0380 -0.0500 -0.0180 -0.0620 -0.1228 -0.0160 -0.0280 -0.2833 -4.1314 -0.3007 -0.0630 -0.9513 -0.0407 -1.0292 -1.5914 -4.1387 -0.1715 -0.1079 -0.0080 -0.0130 -0.0410 -1.1938 -0.0340 -1.2987 -0.1480 -0.0370 -0.6753 -0.0040 -0.0110 -0.0240 -0.0080 -0.0120 -1.2428 -0.1682 -0.0553 -2.8603 -0.1662 -0.0820 -0.5941 -0.1256 -0.0240 -0.0440
BRI-13544  -0.0040 -0.1090 -0.0170 -0.1082 -0.0520 -0.0250 -0.0250 -0.3171 -1.8675 -0.0300 -0.0660 -1.8210 -3.2252 -0.0640 -0.1334 -3.2971 -1.5856 -0.0230 -0.0521 -0.0300 -0.1799 -0.0640 -2.4729 -0.0890 -0.0500 -1.8264 -4.5268 0.1209 -0.1630 -3.6454 -1.4021 -0.0568 0.0820 -2.6943 -0.0752 -0.0720 -0.0650 -0.0880 0.2990 -0.0990 -0.1781 -0.0030 -0.0500 -0.6945 -5.6129 -0.4621 -0.0870 -1.6986 0.0250 -0.6226 -1.8111 -4.0738 -0.2573 -0.1573 0.0080 -0.0120 -0.0400 -0.1386 -0.0170 -0.9916 -0.2066 -0.0870 -2.9160 0.0030 -0.0230 -0.0290 0.0070 -0.0420 -2.3853 -0.4295 -0.0268 -2.8320 -0.1197 -0.0220 -0.8211 -0.0440 -0.0200 -0.0470
BRI-13546  -0.0080 -0.0916 -0.0180 -0.1962 -0.0720 -0.0340 -0.0370 -0.1007 -1.9311 -0.0370 -0.0910 -1.9391 -3.1313 -0.0680 -0.0940 -3.1960 -1.9186 -0.0220 -0.0380 -0.0150 -0.0450 -0.0190 -1.7940 -0.0880 -0.0620 -0.9090 -2.9733 -0.1087 -0.1030 -2.4572 -3.6794 -0.0820 -0.0950 -2.7332 -0.0604 -0.0460 -0.0690 -0.0480 -0.0270 -0.0470 -0.1406 0.0060 -0.0340 -0.5234 -4.6419 -0.4344 -0.0620 -1.4651 -0.0180 -0.4827 -1.5499 -3.4232 -0.2002 -0.1498 -0.0280 -0.0150 -0.0460 -2.3405 -0.0600 -1.5906 -0.3898 -0.0790 -2.3229 -0.0060 -0.0140 -0.0690 -0.0190 -0.0210 -1.9448 -0.5000 -0.1280 -1.1298 -0.0850 -0.1500 -0.2318 -0.0985 -0.0290 -0.0510
BRI-13548  -0.2793 -0.5746 -0.0130 -0.1080 -0.1577 -0.0200 -0.0270 -0.1373 -2.2472 -0.0380 -0.1620 -0.6946 -3.2791 -0.2007 -2.0101 -5.0368 -1.5813 -0.1970 -1.3514 -0.2421 -5.3027 -0.0880 -2.1333 -0.0640 -0.1110 -1.8394 -2.7873 -0.0720 -0.1230 -2.4707 -0.3473 -0.0690 -0.0370 -2.1232 -0.1503 -0.0080 -0.0170 -0.0140 -0.0430 -0.0100 -0.0170 0.0000 -0.0310 -0.2980 -2.6065 -0.3173 -0.0460 -0.0870 -0.0030 -0.0320 -0.0600 -0.9273 -0.0510 -0.1159 -0.0150 -0.0060 -0.0180 0.5276 -0.0280 -0.6813 -0.2210 -0.0510 -1.5334 -0.0030 -0.0140 -0.0470 -0.0100 -0.0240 -1.8351 -0.4638 -0.1270 -1.5113 -0.0420 -0.0590 -0.5579 -0.0450 -0.0130 -0.0180
BRI-13559  -0.0030 -0.1060 -0.0910 -2.0614 -0.2082 -0.8374 -0.2244 -0.0850 -1.4012 -0.0140 -0.0350 -0.4516 -2.6193 -0.0480 -0.0230 -2.9726 -3.8776 -0.0110 -0.0140 -0.0140 -0.0010 -0.0120 -0.3970 -0.0460 -0.0300 -0.2320 -2.9947 -0.0210 -0.0910 -1.8578 -2.7826 -0.0760 -0.0300 -2.4333 -0.0884 -0.0310 -0.0370 -0.0540 -0.0410 -0.0420 -0.0851 -0.0240 -0.5352 -2.7662 -6.0893 -0.8835 -0.0250 -1.2639 -0.0060 -0.8750 -1.1461 -3.3334 -0.1706 -0.1329 -0.0070 -0.0100 -0.0310 -1.3724 -0.0330 -1.0047 -0.1461 -0.0750 -2.4768 -0.1010 -0.0370 -1.7315 -0.3652 -0.0410 -0.9633 -1.3965 -0.0437 -2.4988 -0.1120 -0.0520 -0.7456 -0.0440 -0.0160 -0.0270
BRI-13565  -0.0060 -0.0210 -0.0080 -0.0740 -0.0390 -0.0160 -0.0180 -0.2096 -2.4044 -0.0020 -0.0770 -2.3279 -2.7875 -0.0230 -0.2778 -2.3303 -1.1399 -0.0520 -0.0090 -0.0150 -0.1393 -0.0937 -2.4312 -0.0903 -0.0130 -0.8960 -4.0153 -0.0220 -0.0690 -2.6652 -2.8899 -0.0930 -0.0170 -2.3301 -0.0833 -0.0330 -0.0360 -0.0490 -0.0040 -0.0680 -0.1248 0.0163 -0.0520 -0.5302 -4.9931 -0.1801 -0.0450 -0.6514 -0.1167 -0.8345 -1.2508 -3.2577 -0.1497 -0.1082 -0.0020 -0.0140 -0.0340 -1.2246 -0.0380 -0.8276 -0.1519 -0.0870 -2.1734 0.0040 -0.0170 -0.0460 0.0010 -0.0270 -1.6552 -0.2567 -0.1571 -1.7258 -0.1034 -0.0950 -0.9650 -0.0780 -0.0320 -0.0500
BRI-13566  -0.0020 -0.2499 -0.0140 -0.3936 -0.0700 -0.0220 -0.0230 -0.1221 -2.0491 -0.0470 -0.0530 -1.6012 -3.6227 -0.0827 0.0063 -2.1690 -1.4900 -0.0120 -0.0460 -0.0170 -0.0520 -0.0130 -1.4390 -0.0460 -0.0200 -0.1330 -2.8069 0.0380 -0.0880 -2.9874 -1.7449 -0.0730 -0.0140 -2.7549 -0.0287 -0.0550 -0.0670 -0.0670 0.0620 -0.0560 -0.0670 -0.0090 -0.0350 -0.5187 -4.5292 -0.7028 -0.0610 -0.8299 0.0110 -0.6899 -0.9557 -2.9847 -0.1631 -0.1655 -0.0090 -0.0150 -0.0490 -1.6742 -0.0400 -1.7556 -0.4805 -0.0740 -2.5588 -0.0010 -0.0110 -0.0360 -0.0140 -0.0170 -1.5868 -0.1409 -0.0470 -4.3140 -0.1200 -0.0840 -0.8240 -0.0741 -0.0270 -0.0620
BRI-13567  -0.0030 -0.0559 -0.0710 -1.9228 -0.1202 -0.2840 -0.0650 -0.1560 -2.1954 0.0040 -0.1140 -1.3786 -1.2596 -0.1123 -0.3010 -4.3022 -1.9270 -0.0600 -0.0140 -0.0140 0.0220 -0.0150 -0.7469 -0.0590 -0.0470 -0.4618 -2.8880 -0.0206 -0.1680 -3.0620 -0.6928 -0.0470 0.0100 -1.2339 -0.0003 -0.0290 -0.0230 -0.0920 -0.1325 -0.0450 -0.1079 -0.0325 -0.1279 -1.3126 -4.8063 -1.0028 -0.0820 -0.9608 -0.0442 -1.2836 -1.3818 -3.1853 -0.1520 -0.1060 -0.0030 -0.0050 -0.0190 -0.4043 -0.0190 -0.4562 -0.0860 -0.0600 -1.6090 -0.0430 -0.0190 -0.8039 -0.1138 -0.0180 -2.2346 -0.7340 -0.0320 -1.4750 -0.1040 -0.0430 -0.2366 -0.0280 -0.0100 -0.0180
BRI-13570  -0.0090 0.0290 -0.0220 -0.2740 -0.0930 -0.0370 -0.0300 -0.1404 -1.8093 0.0050 -0.1123 -2.6553 -2.7433 0.0030 -0.1280 -1.7022 -1.3546 -0.0460 -0.0210 -0.0200 -0.1100 -0.0470 -2.6935 -0.0830 0.0060 -0.3573 -3.4973 0.1090 -0.0520 -3.5686 -0.8858 -0.0313 0.0600 -2.9838 -0.1017 -0.0670 -0.0690 -0.0870 0.2560 -0.0680 -0.0830 0.0560 -0.0670 -1.2317 -5.7350 -1.0727 -0.0700 -1.1026 0.0010 -0.8265 -1.3434 -3.1210 -0.1601 -0.1465 0.0080 -0.0180 -0.0360 -1.4054 -0.0470 -1.0240 -0.1686 -0.1310 -2.0936 -0.0010 -0.0240 -0.1032 -0.0110 -0.0320 -1.7391 -0.4710 -0.2100 -3.3800 -0.0770 -0.0900 -0.9659 -0.0670 -0.0290 -0.0600
BRI-13572  -0.0140 -0.1335 -0.0190 -0.2383 -0.0880 -0.0220 -0.0240 -0.0790 -1.5855 0.0400 -0.1480 -1.7585 -1.7827 -0.0444 -0.4935 -3.6459 -1.2178 -0.0870 0.0170 -0.0400 0.1880 -0.0360 -1.1782 -0.0430 -0.0770 -1.0635 -3.2277 0.0020 -0.1310 -3.2179 -0.2804 -0.2501 -0.0776 -1.3674 -0.8298 -0.0500 -0.0741 -0.0910 -0.1674 -0.0520 -0.0814 -0.0713 -0.0420 -0.5846 -5.7118 -1.1237 -0.0840 -1.0814 -0.0130 -1.0179 -1.2240 -2.1483 -0.1320 -0.3950 0.0010 -0.0120 -0.0330 -0.9180 -0.0660 -0.9996 -0.0650 -0.1210 -2.6604 -0.0080 -0.0150 -0.0350 -0.0050 -0.0250 -1.2046 -0.1619 -0.2751 -0.0112 -0.0570 -0.1420 -0.4298 -0.0470 -0.0240 -0.0370
BRI-13574  -0.0050 -0.0540 0.0718 -4.2363 -0.2999 -1.1851 -0.1046 -0.0960 -1.4733 -0.0090 -0.0280 -0.0010 -2.1462 -0.0310 -0.0340 -1.5963 -1.5797 -0.0150 -0.0090 -0.0130 0.0120 -0.0150 -0.3227 -0.0440 -0.0280 -0.2740 -2.0557 0.0797 -0.1540 -2.8993 -1.5705 -0.0960 -0.0440 -2.0140 -0.2021 -0.0300 -0.0530 -0.0530 -0.0390 -0.0450 -0.1590 -0.0470 -0.3657 -3.3815 -6.1228 -0.8163 -0.0470 -1.2110 -0.0712 -0.6415 -1.5976 -3.9694 -0.1813 -0.1808 -0.0200 -0.0100 -0.0430 -1.1925 -0.0210 -0.8418 -0.5299 -0.0450 -2.0075 0.0670 -0.0758 -2.6236 -0.2237 -0.0350 -3.3161 -1.0775 -0.0140 -1.0384 -0.1330 -0.0470 -1.2909 -0.0430 -0.0170 -0.0420
BRI-13576  -0.0030 -0.1334 -0.0170 -1.0548 -0.1170 -0.0420 -0.0470 -0.2051 -2.1354 -0.0470 -0.0670 -1.0709 -3.8746 -0.0930 -0.2003 -4.0763 -0.8294 -0.0400 -0.0350 -0.0220 -0.0364 -0.0270 -0.9313 -0.0460 -0.0380 -0.5506 -3.4736 -0.0210 -0.1240 -2.8056 -1.6333 -0.1200 -0.0100 -2.0936 -0.2397 -0.0370 -0.0410 -0.0590 -0.0140 -0.0420 -0.0719 -0.0490 -0.0804 -0.2166 -3.0389 0.2694 -0.0660 -0.9526 -0.0060 -0.4976 -1.3096 -2.6111 -0.1910 -0.1647 -0.0080 -0.0070 -0.0310 -1.3094 -0.0190 -0.8579 -0.1478 -0.0560 -2.5070 -0.0150 -0.0130 -0.0770 -0.0430 -0.0250 -2.1999 -0.4486 -0.0170 -4.0955 -0.1480 -0.0200 -0.7805 -0.0450 -0.0130 -0.0340
BRI-13578  -0.0070 -0.1358 -0.0360 -1.4339 -0.1412 -0.2049 -0.0782 -0.1027 -1.6915 -0.0380 -0.0510 -0.9373 -3.2157 -0.0350 -0.1590 -3.4589 -2.2687 -0.0570 -0.0220 -0.0190 -0.0150 -0.0250 -0.6613 -0.0650 -0.0340 -0.2735 -3.6209 -0.1318 -0.0880 -2.3147 -2.4469 -0.0827 -0.0350 -2.9048 -0.0265 -0.0350 -0.0490 -0.0780 0.0108 -0.0610 -0.2072 -0.0790 -0.1155 -1.4974 -5.5462 -0.6874 -0.0560 -1.7591 -0.0310 -1.0110 -1.8498 -3.0118 -0.2373 -0.1640 -0.0050 -0.0060 -0.0330 -1.1475 -0.0210 -1.0865 -0.1978 -0.0540 -2.5597 -0.0400 -0.0090 -0.4305 -0.0990 -0.0290 -1.9325 -1.0687 -0.1157 -4.4252 -0.1350 -0.0100 -0.5957 -0.0460 -0.0100 -0.0240
BRI-13579  -0.0090 0.0136 -0.0140 -0.1380 -0.0710 -0.0410 -0.0450 -0.2265 -1.2313 -0.0520 -0.0970 -1.7363 -2.8036 -0.0966 -0.2139 -2.8195 -4.5675 -0.0730 -0.0020 -0.0530 0.0650 -0.0450 -1.4986 -0.0610 -0.0720 -0.7009 -3.7646 -0.0670 -0.1670 -2.8103 -2.0879 -0.0950 0.0350 -2.0491 -0.0870 -0.0350 -0.0270 -0.0430 -0.0950 -0.0320 -0.0741 0.0270 -0.0490 -0.4790 -4.4195 -0.7079 -0.0610 -0.8610 0.0050 -0.8167 -0.6723 -3.2896 -0.1868 -0.0950 0.0010 -0.0080 -0.0280 -0.7830 -0.0410 -0.6653 -0.0884 -0.1180 -3.0308 0.0130 -0.0170 -0.0180 -0.0020 -0.0560 -0.1560 -0.7396 -0.2010 -2.5274 -0.1230 -0.0730 -0.3981 -0.0260 -0.0160 -0.0340
BRI-13580  -0.0070 -0.0737 -0.0810 -0.6677 -0.2043 -0.4572 -0.1130 -0.1309 -1.3102 -0.0630 -0.0446 -0.8795 -2.9120 -0.0750 -0.1550 -4.0183 -4.5787 -0.0550 -0.0180 -0.0180 -0.0160 -0.0220 -0.6429 -0.0510 -0.0370 -0.4377 -3.0239 -0.0550 -0.0950 -2.1254 -1.7375 -0.0710 -0.0270 -1.2890 -0.1140 -0.0170 -0.0160 -0.0440 -0.1618 0.0030 -0.0682 -0.0510 -0.6202 -2.4367 -4.1520 -0.7686 -0.0380 -0.8237 -0.1110 -0.7572 -1.3019 -2.7485 -0.1430 -0.0805 -0.0090 -0.0030 -0.0180 -0.1975 -0.0280 -0.4351 -0.0660 -0.0830 -2.1852 -0.0350 -0.0526 -1.4172 -0.2474 -0.0710 -3.3397 -1.9629 -0.1490 -0.3712 -0.1369 -0.0600 -0.2058 -0.0260 -0.0100 -0.0140
BRI-13594  -0.0050 0.0350 -0.0170 -0.1991 -0.0940 -0.0290 -0.0270 -0.2180 -2.9066 -0.0330 -0.1328 -1.1356 -2.8888 -0.0703 -0.6226 -2.9572 -1.6348 -0.1040 0.0060 -0.0480 0.2000 -0.0600 -1.4194 -0.0680 -0.0620 -1.5054 -4.2876 -0.0962 -0.1180 -2.3324 -3.8399 -0.1110 -0.0100 -2.5775 -0.0729 -0.0550 -0.0560 -0.0580 0.0030 -0.0510 -0.1085 -0.0170 -0.0430 -0.9331 -4.1068 -0.4471 -0.0510 -1.2360 0.0030 -0.5973 -1.2912 -2.6607 -0.1497 -0.1539 -0.0050 -0.0150 -0.0540 -1.1041 -0.0450 -1.0978 -0.2612 -0.0830 -2.7133 -0.0030 -0.0200 -0.0590 -0.0040 -0.0220 -1.1338 -0.2223 -0.1290 -2.0579 -0.0420 -0.1240 -1.1073 -0.0420 -0.0300 -0.0570
BRI-13595  -0.0020 -0.3211 -0.0230 -0.8112 -0.0900 -0.0310 -0.0230 -0.1290 -2.1471 0.0130 -0.1370 -1.4235 -2.2116 -0.0206 -0.3370 -3.2042 -0.8989 -0.0850 0.0080 -0.0410 0.1290 -0.0400 -1.4591 -0.0550 -0.0790 -1.0778 -3.3713 -0.0173 -0.1030 -3.2281 -5.1834 -0.0600 -0.0290 -2.4885 -0.0458 -0.0480 -0.0500 -0.1050 0.2100 -0.0670 -0.1347 -0.0250 -0.0590 -0.7416 -6.5592 -0.7340 -0.0740 -1.5250 -0.0170 -0.8498 -1.4453 -3.2064 -0.1676 -0.1577 -0.0180 -0.0090 -0.0320 -1.4072 -0.0350 -0.9944 -0.3081 -0.0680 -2.1462 -0.0010 -0.0170 -0.0510 -0.0010 -0.0240 -1.1189 -0.0670 -0.2110 -2.4421 -0.0060 -0.0950 -1.1537 -0.0670 -0.0230 -0.0360
BRI-13599  -0.0030 -0.0400 -0.1871 -1.4673 -0.3131 -0.8967 -0.2045 -0.1910 -1.5365 0.0340 -0.0380 -0.2470 -1.8609 0.0320 -0.0800 -1.8680 -3.8840 -0.0470 -0.0120 -0.0140 0.0140 -0.0140 -0.0934 -0.0070 -0.0020 -0.1670 -2.0550 0.2227 -0.1490 -3.0021 -1.3070 -0.0567 0.1010 -2.5173 -0.0594 -0.0870 -0.0780 -0.0920 0.3659 -0.1100 -0.1850 -0.0840 -0.5937 -3.0534 -6.2261 -0.6688 -0.0830 -1.6393 0.0310 -0.9007 -1.2075 -3.3476 -0.1938 -0.1490 0.0140 -0.0160 -0.0450 -0.3572 -0.0330 -0.7783 -0.1748 -0.1150 -3.0003 -0.0834 -0.0670 -0.9020 -0.3550 -0.1000 -3.5718 -1.3327 -0.1376 -2.3655 -0.0114 -0.0770 -0.9443 -0.0370 -0.0250 -0.0560
BRI-13604  -0.0040 -0.0400 -0.0150 -0.0986 -0.0370 -0.0230 -0.0230 -0.1933 -2.7512 -0.0080 -0.1163 -2.1159 -1.9987 -0.0568 -0.1830 -2.8948 -2.5474 -0.0250 -0.0160 -0.0120 0.0270 -0.0230 -0.9054 -0.0380 -0.0350 -0.4522 -3.5481 0.0222 -0.1650 -3.0297 -0.9660 -0.1184 0.0370 -3.0715 -0.1082 -0.0480 -0.0570 -0.0680 0.0580 -0.0620 -0.0959 0.0220 -0.0580 -0.4447 -5.1537 -0.2622 -0.0580 -0.9845 0.0000 -0.9466 -1.4444 -2.8141 -0.1817 -0.1529 -0.0140 -0.0110 -0.0340 -0.8252 -0.0140 -1.3429 -0.2878 -0.0460 -1.8662 -0.0010 -0.0230 -0.0350 0.0030 -0.0250 -2.4986 -0.3586 0.0170 -2.7606 -0.1630 -0.0150 -1.2487 -0.0730 -0.0190 -0.0530
BRI-13609  0.0000 -0.0740 -0.0160 -0.1487 -0.0580 -0.0240 -0.0260 -0.1905 -2.3246 -0.0060 -0.0810 -2.0371 -2.7739 -0.0908 -0.0310 -2.2841 -1.3202 -0.0050 -0.0250 -0.0120 -0.0160 -0.0120 -0.9972 -0.0680 -0.0460 -0.5004 -3.0568 -0.0009 -0.1630 -2.1773 -2.7628 -0.0970 -0.0230 -2.4022 -0.0970 -0.0290 -0.0360 -0.0460 -0.0590 -0.0360 -0.1501 -0.0190 -0.0480 -0.5598 -4.9998 -0.6238 -0.0540 -1.3935 -0.0946 -0.4259 -1.5452 -3.9646 -0.2098 -0.1150 -0.0150 -0.0100 -0.0360 -1.2371 -0.0260 -0.7866 -0.2451 -0.0490 -2.3143 -0.0080 -0.0150 -0.0500 -0.0140 -0.0170 -1.6046 -0.3081 -0.0541 -2.8844 -0.0998 -0.0650 -0.7216 -0.0490 -0.0200 -0.0410
BRI-13610  -0.0110 -0.1000 -0.0150 -0.1657 -0.0680 -0.0270 -0.0370 -0.1448 -1.8850 -0.0370 -0.0669 -1.2391 -3.2742 -0.1021 -0.1138 -3.5063 -1.7835 -0.0250 -0.0340 -0.0200 -0.0410 -0.0270 -1.5055 -0.0620 -0.0390 -0.6739 -3.5224 -0.0690 -0.0740 -2.3866 -2.5372 -0.0893 -0.0770 -2.6889 -0.0650 -0.0340 -0.0580 -0.0440 -0.0330 -0.0620 -0.1109 -0.0080 -0.0490 -0.6278 -5.3769 -0.4475 -0.0660 -0.8272 -0.0399 -1.0647 -1.7401 -3.3992 -0.2269 -0.1534 -0.0240 -0.0180 -0.1241 -1.5218 -0.0820 -1.8837 -0.6131 -0.1260 -2.6401 -0.0080 -0.0170 -0.0731 -0.0250 -0.0270 -2.3235 -0.5213 -0.2596 -3.2119 -0.1405 -0.1323 -0.1090 -0.0884 -0.0330 -0.0850
BRI-13615  -0.0030 -0.1211 -0.0593 -1.5465 -0.1850 -0.3557 -0.1657 -0.0944 -1.6732 -0.0290 -0.0420 -1.4717 -3.9039 -0.0130 -0.0360 -3.4145 -5.0605 -0.0370 -0.0340 -0.0220 -0.0320 -0.0260 -1.3243 -0.0290 -0.0340 -0.2826 -2.0635 -0.0160 -0.0690 -2.3181 -0.5778 -0.0863 -0.0500 -2.0201 -0.1940 -0.0240 -0.0270 -0.0340 -0.1032 -0.0210 -0.0310 -0.0960 -0.3225 -4.6181 -4.6538 -0.9632 -0.0410 -0.2402 -0.0030 -0.5629 -0.7477 -2.0833 -0.1180 -0.1265 -0.0090 -0.0030 -0.0200 -0.8853 -0.0200 -0.8331 -0.1164 -0.0550 -1.8365 -0.0330 -0.0407 -0.8439 -0.1673 -0.0500 -2.9190 -1.1541 -0.1970 -3.0652 -0.0230 -0.0320 -0.5121 -0.0430 -0.0100 -0.0110
BRI-13619  -0.0090 -0.4365 -0.0140 -0.0790 -0.0490 -0.0120 -0.0170 -0.3280 -2.6371 -0.0300 -0.0810 -2.0436 -3.3026 -0.0520 -0.3531 -2.5756 -0.6190 -0.0110 -0.1614 -0.0750 0.5728 -0.1389 -1.3077 -0.0790 -0.0590 -2.3502 -4.3740 -0.0880 -0.0810 -2.7350 -2.8168 -0.0940 -0.0040 -2.6410 -0.0680 -0.0470 -0.0400 -0.0410 -0.0560 -0.0580 -0.0965 -0.0220 -0.0380 -0.6109 -4.0184 -0.3363 -0.0750 -1.1955 0.0628 -1.0403 -1.5095 -3.5122 -0.1590 -0.0930 -0.0050 -0.0140 -0.0410 -1.4738 -0.0690 -1.1341 -0.0894 -0.1380 -1.8847 -0.0050 -0.0140 -0.0300 -0.0060 -0.0280 -1.0712 -0.0720 -0.2840 -1.6262 -0.0741 -0.1720 -0.6116 -0.2321 -0.0360 -0.0560
BRI-13625  -0.0100 -0.0703 -0.0110 -0.2184 -0.0810 -0.0220 -0.0240 -0.2001 -2.7905 -0.0770 -0.0750 -2.0285 -2.7964 -0.0700 -0.3715 -3.2741 -1.3774 -0.0680 0.0180 -0.0480 0.0466 -0.1084 -2.4606 -0.0850 -0.0340 -1.0037 -4.9953 -0.1220 -0.0240 -2.3582 -3.5297 -0.0900 -0.0810 -2.9887 -0.0950 -0.0330 -0.0410 -0.0520 -0.0709 -0.0500 -0.1528 -0.0260 -0.0300 -0.6559 -4.7644 -0.4642 -0.0610 -1.0204 -0.0261 -0.6978 -1.8392 -3.4428 -0.1886 -0.1184 -0.0160 -0.0110 -0.0330 -1.5172 -0.0500 -1.2673 -0.2185 -0.0760 -1.7921 -0.0040 -0.0110 -0.0390 -0.0140 -0.0170 -1.0928 -0.0952 -0.1730 -1.7770 -0.0864 -0.1030 0.0482 -0.1527 -0.0270 -0.0380
BRI-13626  -0.0010 -0.0717 -0.0140 -0.3235 -0.1010 -0.0310 -0.0220 -0.1290 -1.4546 0.0790 -0.1590 -2.1761 -1.0897 0.0453 -0.4320 -3.2475 -0.9819 -0.1130 -0.0020 -0.0190 0.0820 -0.0340 -0.7572 -0.0570 -0.0630 -0.6423 -3.4165 -0.2268 -0.1220 -3.2293 -4.5842 -0.1508 -0.0610 -2.7934 -0.2394 -0.0390 -0.0260 -0.0310 -0.1770 -0.0280 -0.1007 0.0080 -0.0440 -0.7561 -4.6348 -1.0361 -0.0610 -1.1923 -0.0580 -0.4971 -1.6452 -4.2152 -0.1864 -0.1169 -0.0230 -0.0080 -0.0300 -2.1064 -0.0370 -0.7482 -0.2917 -0.0720 -2.0282 0.0030 -0.0160 -0.0450 0.0040 -0.0230 -0.9046 -0.0590 -0.1680 -0.7330 -0.0130 -0.0700 -1.2064 -0.0830 -0.0170 -0.0230
BRI-13633  -0.0070 -0.1262 -0.0120 -0.1253 -0.0580 -0.0240 -0.0250 -0.0990 -1.1974 -0.0670 -0.0520 -0.7958 -2.3702 -0.0860 -0.2736 -3.6567 -2.2872 -0.0370 -0.0150 -0.0360 0.1321 -0.0400 -1.2641 -0.0580 -0.0530 -0.9925 -2.1483 -0.0540 -0.0740 -2.5409 -1.5437 -0.0480 -0.0350 -0.9853 -0.0090 -0.0420 -0.0510 -0.0500 0.0360 -0.0380 -0.0640 -0.0500 -0.0390 -0.2668 -5.0291 -0.6381 -0.0460 -1.0363 -0.0110 -0.6361 -0.8598 -2.8066 -0.1903 -0.1441 -0.0100 -0.0130 -0.0340 -1.2936 -0.0330 -1.0961 -0.4697 -0.0530 -1.8649 0.0010 -0.0160 -0.0430 -0.0060 -0.0200 -1.7007 -0.2541 -0.0140 -2.7239 -0.1310 -0.0920 -1.5279 -0.0620 -0.0260 -0.0520
BRI-13639  -0.0010 0.0719 -0.0270 -0.5376 -0.1220 -0.0460 -0.0540 -0.2380 -2.9327 -0.0870 -0.0139 -0.4108 -2.8184 -0.1099 -0.0181 -1.5189 -0.1952 -0.0590 -0.0010 -0.0250 0.0020 -0.0270 -1.4245 -0.0440 -0.0420 -0.4257 -3.6381 -0.0830 -0.1110 -3.0291 -3.2273 -0.0327 -0.0830 -2.5630 -0.0510 -0.0490 -0.0500 -0.0440 -0.0260 -0.0270 -0.0500 0.0490 -0.0620 -1.6740 -5.8300 -1.2949 -0.0390 -0.5729 0.0170 -0.7754 -0.9706 -3.1909 -0.1382 -0.1242 -0.0130 -0.0050 -0.0230 -1.3918 -0.0160 -1.0356 -0.1632 -0.0430 -2.5822 -0.0190 -0.0210 -0.2519 -0.0950 -0.0050 -3.3270 -1.0051 0.0604 -2.9597 -0.1352 -0.0210 -0.9867 -0.0650 -0.0100 -0.0120
BRI-13642  -0.0060 -0.1735 -0.0773 -2.0307 -0.2207 -0.9673 -0.2435 -0.1397 -1.8636 -0.0290 -0.0842 -1.5075 -2.9234 -0.0441 -0.1540 -3.9218 -3.6353 -0.0360 -0.0260 -0.0190 -0.0200 -0.0200 -1.0205 -0.0360 -0.0380 -0.5736 -2.3666 -0.0190 -0.0940 -2.5847 -0.8283 -0.0815 -0.0210 -3.0276 -0.0963 -0.0330 -0.0370 -0.0190 -0.0360 -0.0120 -0.0150 -0.1080 -0.4572 -3.0682 -2.8901 -1.0507 -0.0420 -0.0780 -0.0020 -0.0420 -0.0650 -1.7661 -0.0480 -0.0810 -0.0110 -0.0070 -0.0390 -1.5961 -0.0320 -1.3348 -0.1607 -0.0650 -2.2942 -0.1060 -0.0441 -1.1049 -0.4591 -0.0790 -3.8440 -1.9526 -0.1697 -3.6961 -0.1218 -0.0430 -0.7943 -0.0600 -0.0150 -0.0290
BRI-13644  -0.0030 -0.0120 -0.0320 -0.5006 -0.0740 -0.0330 -0.0340 -0.1524 -1.8848 -0.0450 -0.0690 -1.7291 -3.5035 -0.1040 -0.1802 -3.0573 -2.0481 -0.0460 -0.0310 -0.0380 -0.0061 -0.0320 -1.9752 -0.0460 -0.0450 -1.0142 -2.2444 -0.0120 -0.0780 -2.2809 -1.7894 -0.0600 -0.0290 -4.0573 -0.1528 -0.0770 -0.1930 -0.0320 0.0410 -0.0120 -0.0150 0.0340 -0.0420 0.0241 -2.6847 -1.0591 -0.0290 -0.0870 0.0060 -0.0150 -0.0550 0.4621 -0.0977 -0.7465 -0.1589 -0.0070 -0.0370 -1.9224 -0.0330 -1.4700 -1.5769 -0.0480 -2.6063 0.0030 -0.0200 -0.0520 0.0020 -0.0310 -2.1341 -0.3159 -0.1193 -2.5082 -0.1415 -0.0310 -1.0918 -0.0520 -0.0140 -0.0420
BRI-13650  -0.0170 -0.0462 -0.0150 -0.1394 -0.0740 -0.0280 -0.0290 -0.1241 -1.6405 0.1016 -0.1780 -2.3938 -3.5782 -0.0748 -0.4723 -4.2068 -2.2095 -0.0460 -0.0985 0.0120 -0.2713 -0.0469 -3.7460 -0.1850 -0.0426 -1.1223 -3.1255 -0.0270 -0.1830 -3.3610 -1.4448 -0.0970 0.0400 -2.8359 -0.1565 -0.0460 -0.0420 -0.0340 0.0050 -0.0150 -0.0110 0.0220 -0.0370 -0.6346 -3.1073 -0.3402 -0.0530 -0.1300 0.0070 -0.0350 -0.0550 -0.5997 -0.0550 -0.1214 -0.0060 -0.0080 -0.0320 -1.1495 -0.0370 -0.8512 -0.1701 -0.0880 -2.1987 0.0000 -0.0150 -0.0320 -0.0000 -0.0310 -0.9910 -0.2336 -0.2010 -3.2291 -0.0670 -0.0730 -0.8155 -0.0450 -0.0170 -0.0370
BRI-13651  -0.0080 -0.3017 -0.0180 -0.0650 -0.0575 -0.0170 -0.0190 -0.2450 -2.3164 -0.0260 -0.1240 -2.3650 -2.3368 -0.1310 -0.2599 -3.2002 -1.1191 -0.0590 -0.1763 -0.0520 -0.5135 -0.0851 -1.5260 -0.0690 -0.0810 -1.6567 -4.3260 0.0812 -0.2300 -3.3691 -2.9748 -0.1250 0.0330 -2.5441 -0.1257 -0.0650 -0.0668 -0.0860 -0.0013 -0.0790 -0.2096 0.0550 -0.0390 -0.3920 -3.5198 -0.1484 -0.0990 -1.7144 0.0730 0.1914 -1.6300 -3.7998 -0.1879 -0.1674 -0.0090 -0.0150 -0.0510 -0.8637 -0.0420 -1.2502 -0.1580 -0.0760 -2.1298 -0.0060 -0.0170 -0.0420 -0.0050 -0.0200 -1.4884 -0.1735 -0.0682 -2.3762 -0.0950 -0.1010 -0.9254 -0.0510 -0.0270 -0.0610
BRI-13657  -0.0070 -0.0674 -0.0140 -0.0970 -0.0720 -0.0230 -0.0270 -0.2167 -2.5951 0.0670 -0.1452 -2.9105 -3.5832 -0.0769 -0.2378 -4.0467 -1.6082 -0.0310 -0.0610 0.0080 -0.2652 -0.0476 -2.7802 -0.1248 -0.0297 -0.9978 -2.6893 0.0377 -0.1590 -2.9585 -1.5430 -0.0990 0.0200 -2.4741 -0.0580 -0.0520 -0.0650 -0.0410 0.0550 -0.0250 -0.0220 0.0290 -0.0320 -0.6828 -3.0105 -0.2005 -0.0570 -0.1300 0.0190 0.0060 -0.0680 -1.9000 -0.0700 -0.1140 0.0010 -0.0140 -0.0390 -1.6716 -0.0410 -0.4855 -0.2988 -0.0830 -1.4398 -0.0020 -0.0150 -0.0310 0.0040 -0.0310 -1.5350 -0.2601 -0.2010 -3.7985 -0.0790 -0.1040 -1.4680 -0.0730 -0.0290 -0.0660
BRI-13661  -0.0030 -0.2171 -0.0320 -0.5313 -0.0880 -0.0330 -0.0240 -0.0600 -1.4613 0.0220 -0.1050 -1.7966 -2.4784 0.0092 -0.2120 -3.8652 -1.8523 -0.0160 -0.0400 -0.0200 0.0210 -0.0270 -0.7017 -0.0550 -0.0520 -0.5552 -4.3711 -0.1790 -0.0600 -1.9910 -3.5283 -0.1868 -0.1110 -2.2934 -0.5706 -0.0120 -0.0410 -0.0560 -0.1591 -0.0670 -0.2229 -0.0030 -0.0560 -0.5897 -5.6188 -1.1225 -0.0790 -0.1013 -0.0542 -0.3782 -2.0295 -3.5450 -0.1750 -0.2648 -0.0270 -0.0120 -0.0220 -0.2298 -0.0660 -0.9210 -0.1778 -0.1510 -2.6808 0.0050 -0.0200 -0.0540 0.0090 -0.0330 -0.9562 -0.0789 -0.3180 -2.4454 0.0060 -0.1830 -1.0370 -0.0400 -0.0290 -0.0420
BRI-13663  -0.0010 -0.0931 -0.0773 -1.2170 -0.2027 -0.5622 -0.1030 -0.2081 -1.0157 0.0180 -0.0550 -1.4718 -2.8647 -0.0340 -0.0600 -3.9240 -3.8835 -0.0250 -0.0340 -0.0140 -0.0760 -0.0320 -1.5194 -0.0730 -0.0360 -0.6503 -4.4695 -0.0590 -0.1460 -2.9533 -2.8202 -0.1200 -0.0110 -1.7011 -0.1805 -0.0070 -0.0110 -0.0320 -0.2546 -0.0220 -0.0951 -0.0120 -0.2584 -2.0500 -4.8260 -1.2655 -0.0750 -0.9572 -0.0220 -0.8022 -1.0631 -4.4611 -0.1563 -0.0733 -0.0120 -0.0070 -0.0160 -0.7584 -0.0300 -0.6302 -0.1370 -0.0860 -2.4126 0.0040 -0.0590 -1.4978 -0.2015 -0.0660 -2.3996 -1.1652 -0.1840 -2.4693 -0.0432 -0.0480 -0.5810 -0.0530 -0.0140 -0.0230
BRI-13665  -0.0130 -0.4861 -0.0370 -0.9952 -0.1500 -0.0630 -0.0540 -0.1928 -2.5105 0.0010 -0.1160 -2.9075 -2.5157 -0.0150 -0.1736 -3.6700 -4.1733 -0.0390 -0.0772 -0.0440 -0.0300 -0.0292 -2.3538 -0.0692 -0.1124 -1.1393 -3.6699 -0.0828 -0.0920 -2.7075 -1.7544 -0.0922 -0.0410 -1.7542 -0.1271 -0.0180 -0.0240 -0.0180 -0.0540 -0.0120 -0.0200 0.0090 -0.0670 -1.4023 -3.9358 0.0828 -0.0420 -0.1190 0.0020 -0.0450 -0.0850 -1.8215 -0.0500 -0.0748 -0.0100 -0.0070 -0.0210 -1.2014 -0.0230 -0.8602 -0.1491 -0.0510 -1.3399 0.0070 -0.0160 -0.0200 0.0320 -0.0430 -2.0638 -0.7908 -0.2350 -3.9122 -0.0994 -0.0710 -0.8101 -0.0770 -0.0220 -0.0250
BRI-13668  -0.0010 -0.0539 -0.0180 -0.0590 -0.0310 -0.0180 -0.0170 -0.2560 -2.0893 0.0050 -0.0500 -0.9817 -3.3394 -0.0350 -0.0660 -2.7646 -1.4957 -0.0230 -0.0300 -0.0150 -0.0500 -0.0220 -1.1396 -0.0450 -0.0230 -0.2255 -3.2283 0.0240 -0.0940 -2.9605 -2.2492 -0.1191 0.0620 -1.4857 -0.1476 -0.1110 -0.1319 -0.0880 0.1492 -0.0630 -0.0840 0.0360 -0.0450 -0.3764 -3.8755 -0.2747 -0.0630 -0.9231 0.0160 -0.8384 -0.8855 -3.2612 -0.1130 -0.2567 -0.0010 -0.0180 -0.0450 -0.1838 -0.0490 -0.9681 -0.2334 -0.1110 -0.7479 0.0040 -0.0180 -0.0420 0.0110 -0.0320 -1.4552 -0.1178 -0.2250 -0.1915 -0.0060 -0.1580 -1.3658 -0.0330 -0.0360 -0.0830
BRI-13673  -0.0060 -0.0250 -0.0110 -0.0990 -0.0570 -0.0250 -0.0280 -0.1132 -3.1043 -0.0440 -0.0700 -1.3228 -2.4163 -0.0746 -0.1850 -2.1109 -2.0826 -0.0270 -0.0070 -0.0200 0.0300 -0.0290 -1.4473 -0.0570 -0.0420 -0.3940 -3.6353 -0.0779 -0.1250 -3.5247 -1.4656 -0.1263 -0.0480 -3.1380 -0.2452 -0.0180 -0.0340 -0.0610 -0.1341 -0.0590 -0.1766 -0.0343 -0.0400 -0.4709 -4.8279 -0.6080 -0.0590 -1.2252 -0.0040 -0.5584 -1.3443 -5.0710 -0.2355 -0.1365 -0.0180 -0.0080 -0.0260 -1.8263 -0.0160 -0.7130 -0.2032 -0.0440 -2.0600 0.0030 -0.0150 -0.0340 -0.0020 -0.0250 -1.6811 -0.2029 -0.1139 -2.9793 -0.1815 -0.0190 -1.0174 -0.1066 -0.0170 -0.0260
BRI-13677  0.0120 -0.2098 -0.0180 -0.0940 -0.0652 -0.0170 -0.0220 -0.1240 -1.8682 -0.0190 -0.1350 -1.7978 -4.1223 -0.1090 -1.1489 -2.0040 -1.0282 -0.0070 -0.4013 -0.1189 0.6654 -0.0790 -1.1744 -0.0590 -0.0750 -2.9132 -3.0326 -0.1270 -0.0720 -2.3252 -3.4671 -0.0770 -0.0700 -2.0382 -0.1538 -0.0120 -0.0200 -0.0300 -0.1812 -0.0120 -0.0530 -0.0190 -0.0450 -0.3615 -3.7416 -0.1511 -0.0410 -0.5403 -0.0440 -0.7168 -1.1646 -3.2542 -0.1908 -0.0919 -0.0130 -0.0030 -0.0090 -0.4972 -0.0140 -0.3247 -0.1170 -0.0250 -2.2200 -0.0080 -0.0120 -0.0400 -0.0060 -0.0160 -1.3526 -0.2232 -0.1060 -1.2296 0.0090 -0.0470 -0.3212 -0.0400 -0.0080 -0.0060
BRI-13681  -0.0230 -0.0561 -0.0350 -1.1120 -0.1552 -0.0820 -0.0550 -0.1870 -1.9165 0.0350 -0.1290 -2.9701 -2.8726 -0.0110 -0.4826 -3.7870 -2.9891 -0.1090 -0.0364 -0.0580 0.0448 -0.0670 -1.3823 -0.0710 -0.0770 -1.7343 -3.8454 -0.0071 -0.1600 -3.1779 -1.1387 -0.0800 0.0330 -1.7273 -0.0416 -0.0450 -0.0330 -0.0670 0.0334 -0.0610 -0.1197 0.0330 -0.0594 -0.6016 -5.2594 -0.7467 -0.0650 -1.0276 0.0250 -1.1551 -1.1449 -3.8155 -0.1550 -0.0980 0.0030 -0.0080 -0.0260 -0.4559 -0.0430 -0.5457 -0.0570 -0.1130 -2.5748 0.0020 -0.0290 -0.1766 -0.0220 -0.0400 -1.8526 -0.7991 -0.2480 -2.9343 0.0040 -0.1040 -0.3250 -0.0320 -0.0190 -0.0270
BRI-13683  -0.0010 -0.2556 -0.0130 -0.0983 -0.0610 -0.0210 -0.0230 -0.1567 -2.2766 -0.0520 -0.1762 -3.6551 -2.8710 -0.1120 -1.7180 -3.3241 -0.8814 -0.0460 -0.2141 -0.0360 -1.0363 -0.1958 -2.9392 -0.1374 -0.0360 -2.2616 -3.6337 -0.0690 -0.0720 -2.5353 -0.6036 -0.1163 -0.0140 -3.0718 -0.2360 -0.0400 -0.0350 -0.0260 -0.0550 -0.0140 -0.0140 0.0140 -0.0390 -0.4474 -2.3588 -0.3428 -0.0410 -0.0880 0.0060 -0.0490 -0.0470 -0.8472 -0.0440 -0.1131 -0.0060 -0.0090 -0.0400 -0.4419 -0.0270 -1.0196 -0.1159 -0.0670 -1.8172 0.0010 -0.0140 -0.0050 0.0110 -0.0360 -2.3979 -0.4416 -0.0943 -1.0345 -0.1303 -0.0790 -1.1675 -0.0390 -0.0220 -0.0440
BRI-13684  -0.0020 -0.0660 -0.0180 -0.0670 -0.0400 -0.0190 -0.0140 -0.2244 -1.7243 0.0360 -0.0900 -2.2547 -1.9086 -0.0210 -0.1971 -2.4181 -0.7875 -0.0290 -0.0962 -0.0350 -0.2031 -0.0560 -1.7503 -0.0710 -0.0540 -1.3432 -3.6537 0.0490 -0.1400 -2.9130 -3.2702 -0.1122 0.0060 -2.4207 -0.2063 -0.0800 -0.0730 -0.0670 0.1190 -0.0670 -0.1090 -0.0150 -0.0270 -0.2957 -3.5128 -0.6422 -0.0950 -0.9470 0.0360 -0.3534 -0.4482 -1.0308 -0.0770 -0.1703 -0.0090 -0.0130 -0.0310 -0.4816 -0.0390 -0.4381 -0.1844 -0.0810 -2.3728 0.0040 -0.0170 -0.0400 0.0060 -0.0230 -1.4135 -0.1170 -0.1450 -0.0023 -0.0340 -0.1250 -0.9206 -0.0560 -0.0310 -0.0530
BRI-13691  -0.0070 -0.3080 -0.0991 -3.5756 -0.6151 -0.7390 -0.2439 -0.2325 -2.4789 0.0040 -0.0364 -0.7463 -2.4471 -0.0459 -0.3637 -4.4366 -4.4232 -0.0440 -0.0140 -0.0220 0.0160 -0.0320 -1.2019 -0.0430 -0.0530 -1.1495 -2.7223 0.0130 -0.1080 -3.1872 -1.1955 -0.0900 0.0050 -2.3746 -0.1171 -0.0270 -0.0270 -0.0300 -0.0000 -0.0290 -0.0320 -0.1300 -0.4279 -8.2170 -3.1848 -0.8732 -0.0650 -0.1010 0.0160 -0.0070 -0.0580 -1.3895 -0.0410 -0.0761 -0.0070 -0.0150 -0.0320 -1.5608 -0.0300 -0.9613 -0.1365 -0.0660 -0.9689 -0.0490 -0.1284 -2.5828 -0.5013 -0.0330 -1.9540 -1.2353 -0.1400 -3.1056 -0.1050 -0.0740 -1.1844 -0.0930 -0.0250 -0.0370
BRI-13836  -0.0100 -0.0480 -0.0330 -0.4263 -0.0699 -0.0370 -0.0420 -0.1527 -2.0500 -0.0610 -0.0674 -1.8440 -3.7819 -0.1320 -0.1218 -1.9093 -1.5875 -0.0340 -0.0380 -0.0370 -0.0110 -0.0310 -1.9799 -0.0500 -0.0390 -0.7634 -3.2172 -0.0020 -0.0560 -1.3208 -2.1141 -0.0546 -0.0180 -2.6649 -0.2129 -0.0820 -0.0710 -0.0610 -0.0037 -0.0390 -0.0658 0.0100 -0.0510 -0.5092 -5.3845 -1.1600 -0.0330 -0.6716 0.0400 -0.9325 -1.2544 -1.5885 -0.1760 -0.1896 -0.0040 -0.0100 -0.0400 -0.7780 -0.0220 -1.0566 -0.2340 -0.0590 -1.8751 -0.0010 -0.0200 -0.0580 -0.0110 -0.0320 -2.4029 -0.6065 0.0156 -3.4211 -0.1330 -0.0670 -0.6583 -0.0270 -0.0190 -0.0510
