Comp_ID  29 29 36 75 82 83 86 87 89 90 94 96 103 104 106 107 108 110 111 112 113 114 115 116 117 118 164 168 181 182 183 184 185 188 189 190 191 192 193 195 196 197 338 342 345 346 349 350 352 362 363 365 366 367 369 370
1_111  -0.0140 -0.0770 -0.0550 -0.1727 -0.0890 -1.0045 -0.0890 -1.1274 -0.2532 -0.0230 -0.1710 -0.2041 -0.1310 -1.8873 -1.3561 -0.0970 -13.7572 -3.1865 -0.1661 -0.0380 -1.7409 -1.1484 -0.0310 -0.0130 -0.2449 -0.0978 -0.1182 -2.3408 -0.6965 -2.4515 -0.0440 -0.0290 -0.5857 -0.4600 -0.0410 -0.0410 -1.6146 -0.6288 -0.0050 -0.7697 -0.1508 -0.0300 -1.0344 -3.9158 -1.5041 -0.9280 -0.0180 -0.0510 -0.0330 -0.0420 -0.8601 -0.2394 -0.0300 -1.7197 -0.0990 -3.0989
1_131  -0.0130 -0.2862 -0.0370 -0.1805 -0.1000 -1.8566 -0.0960 -1.3587 -0.2539 -0.0220 -0.0820 -0.1280 -0.0650 -2.7711 -1.2292 0.0180 -10.9050 -3.2822 -0.1371 -0.1140 -3.0495 -1.4506 -0.0790 -0.0645 -0.7405 -0.1270 -0.1120 -1.3991 0.1649 -2.5805 -0.0300 -0.0080 -0.0374 -0.0670 0.0270 -0.0690 -0.2494 0.2956 -0.1100 -0.6948 -0.2960 -0.1377 -3.3148 -2.5227 -1.5759 -0.6013 0.0020 -0.0470 -0.0160 -0.0440 -0.6320 -0.0980 -0.0250 -2.1372 -0.1520 -5.1973
1_151  -0.0100 -0.2011 -0.0600 -0.1470 -0.0900 -1.5937 -0.0710 -0.9466 -0.1610 -0.0210 -0.0820 -0.1110 -0.1140 -1.9674 -1.3524 -0.1700 -16.4778 -2.3377 -0.1502 0.0080 -1.7931 -0.9878 -0.0250 -0.0260 -0.3119 -0.1461 -0.0890 -0.6983 -0.9495 -2.2719 -0.0580 -0.0240 -0.2500 -0.1864 -0.0310 -0.0650 -1.9681 -0.9977 -0.0690 -0.6063 -0.3344 -0.0220 -1.1590 -3.9249 -1.6818 -1.3871 -0.0310 -0.0180 -0.0150 -0.0430 -1.2612 -0.0945 -0.0210 -1.8767 -0.1460 -3.2432
1_15  -0.0050 -0.0830 -0.0400 -0.1550 -0.0660 -0.6149 -0.0350 -0.2459 -0.0980 -0.0130 -0.0380 -0.0920 -0.0810 -1.6309 -0.8063 -0.0320 -8.5691 -3.3280 -0.0950 -0.1736 -3.1890 -2.1394 -0.1082 -0.1487 -0.5586 -0.2326 -0.1018 -0.7046 -0.5535 -2.4329 -0.0260 -0.0240 -0.4330 -0.2015 -0.0120 -0.0670 -0.4167 -0.4030 -0.1040 -1.6518 -1.4647 -0.6179 -4.1304 -4.4138 -3.0014 -1.7133 -0.0290 -0.0350 -0.0110 -0.0390 -1.5320 -0.0580 -0.0190 -2.7309 -0.1330 -3.5873
1_168  -0.0060 -0.1030 -0.0590 -0.1433 -0.0910 -0.8464 -0.0560 -0.5317 -0.1050 -0.0140 -0.1120 -0.1850 -0.1520 -2.0284 -1.8723 -0.2220 -29.3919 -1.6314 -0.1524 0.0130 -1.7769 -1.2872 -0.0340 -0.0200 -0.4033 -0.0991 -0.0840 -0.9013 -0.3241 -3.4341 -0.0660 -0.0220 -0.2414 -0.1024 0.0030 -0.0710 -1.2166 -0.2879 -0.0310 -1.2549 -0.2523 -0.0090 0.0397 -2.8066 -1.7280 -2.5642 -0.0270 -0.0600 -0.0180 -0.0440 -2.1391 -0.1292 -0.0250 -2.3556 -0.1340 -3.6972
1_20  -0.0160 -0.4109 -0.0440 -0.1472 -0.0740 -1.4063 -0.1040 -1.1052 -0.3971 -0.0409 -0.1260 -0.1080 -0.1000 -2.1920 -1.3249 -0.0560 -12.8501 -3.9242 -0.0914 -0.0910 -1.3162 -1.1238 -0.0300 -0.0280 -0.2563 -0.1575 -0.0900 -1.7930 -0.9165 -2.4057 -0.0820 -0.0180 -0.1947 -0.1155 -0.0120 -0.0530 -1.0422 -0.2706 -0.0540 -0.8657 -0.0946 0.0000 -1.0551 -2.9608 -1.5697 -0.9275 -0.0100 -0.0280 -0.0340 -0.0580 -1.0707 -0.4848 -0.0420 -1.0086 -0.1360 -3.8697
1_233  -0.0100 -0.1745 -0.0670 -0.1102 -0.0790 -0.6766 -0.0570 -0.4818 -0.1430 -0.0100 -0.1140 -0.2160 -0.1670 -2.0225 -1.7757 -0.2070 -28.1335 -2.6226 -0.0976 0.0069 -1.9378 -1.0027 -0.0476 -0.0003 -0.5870 -0.0897 -0.0940 -0.9658 -0.2763 -2.9321 -0.0800 -0.0150 -0.1189 -0.1011 -0.0060 -0.0350 -0.3294 -0.0025 -0.0760 -1.0200 -0.3061 -0.0320 -2.0503 -3.1519 -1.5970 -1.6369 -0.0160 -0.0270 -0.0130 -0.0360 -1.8322 -0.0830 -0.0190 -1.5567 -0.1430 -3.2215
1_2  -0.0090 -0.2365 -0.0590 -0.1197 -0.0770 -1.5533 -0.0670 -0.7911 -0.1460 -0.0170 -0.1170 -0.1498 -0.1110 -1.8587 -1.6078 -0.1220 -12.6701 -3.9994 -0.0885 0.0210 0.1931 -0.4503 -0.0110 -0.0070 -0.1103 -0.0670 -0.1219 -1.4784 -0.8582 -2.9731 -0.0310 -0.0410 -0.5407 -1.4526 -0.1938 -0.0840 -1.1871 -1.1275 -0.0500 -0.4375 -0.1808 -0.0220 -0.8821 -3.9585 -3.0031 -3.9414 -0.6990 -0.0590 -0.0150 -0.0430 -1.0248 -0.1090 -0.0210 -2.0199 -0.1921 -2.1801
1_305  -0.0140 -0.2326 -0.0480 -0.2000 -0.1030 -1.5791 -0.0980 -1.0792 -0.2355 -0.0170 -0.1580 -0.2290 -0.1430 -2.8067 -0.7665 -0.1040 -16.4428 -2.6523 -0.0970 -0.1390 -2.7318 -0.6870 -0.0300 -0.0530 -0.2617 -0.1121 -0.0890 -1.5071 -0.4982 -2.8647 -0.0620 -0.0180 -0.2781 -0.1775 -0.0270 -0.0590 -1.2437 -0.8522 -0.0650 -0.9236 -0.1555 -0.0230 -1.8655 -3.6050 -1.6383 -1.0571 -0.0250 -0.0340 -0.0210 -0.0500 -1.1486 -0.1511 -0.0220 -2.7697 -0.1530 -4.2283
1_361  -0.0060 -0.0440 -0.0500 -0.1717 -0.0780 -0.6703 -0.0440 -0.8528 -0.1080 -0.0190 -0.1000 -0.1150 -0.0970 -1.3167 -1.5309 -0.1260 -14.5726 -2.7411 -0.1598 -0.0420 -1.7609 -1.0026 -0.0340 -0.0320 -0.3589 -0.1016 -0.0940 -1.2662 -0.4549 -2.7127 -0.0690 -0.0160 -0.2014 -0.1580 -0.0070 -0.0450 -0.9830 -0.1549 -0.0410 -1.0560 -0.1470 -0.0140 -0.6138 -3.2848 -1.6053 -2.0974 -0.0120 -0.0250 -0.0160 -0.0460 -3.2733 -0.0810 -0.0220 -2.9719 -0.1320 -3.8627
1_36  -0.1800 -1.8703 -0.0950 -0.0407 -0.0960 -1.4889 -0.2326 -1.8043 -4.6944 -0.8267 -0.0990 -0.1590 -0.1750 -2.1694 -0.0086 -0.2645 -21.0650 -2.4111 -0.0730 0.1170 -1.1008 -0.0870 -0.0040 -0.0040 -0.0300 0.0070 -0.0822 -0.9133 -1.3061 -2.4141 -0.0500 -0.0170 -0.0780 -0.0490 -0.0110 -0.0080 -0.0320 -0.0310 -0.0100 -0.0240 -0.0210 -0.0080 -0.5032 -4.1346 -0.5734 -0.6475 -0.0290 -0.0560 -0.7343 -0.2280 -3.2239 -3.1030 -0.1650 -3.1364 -0.4176 -4.5794
1_45  -0.0120 -0.1271 -0.0450 -0.1651 -0.0730 -1.3316 -0.0700 -1.0132 -0.2195 -0.0300 -0.0950 -0.1370 -0.1030 -0.9223 -1.8016 -0.0660 -16.6368 -5.0448 -0.0936 -0.0890 -0.4594 -1.0911 -0.0300 -0.0330 -0.2885 -0.1498 -0.1504 -1.2768 -1.5292 -3.7736 0.0100 -0.0530 -0.7322 -1.0726 -0.0820 -0.0140 -4.3831 -1.0649 -0.0670 -1.0896 -0.2019 -0.0080 -0.9788 -2.9287 -2.2132 -1.5632 -0.0540 -0.0450 -0.0420 -0.0560 -2.8794 -0.5371 -0.0370 -3.1575 -0.1200 -2.5341
1_537  -0.0060 -0.1070 -0.0550 -0.1441 -0.0850 -0.8203 -0.0510 -0.4712 -0.1130 -0.0170 -0.0560 -0.1150 -0.0830 -1.7384 -1.4753 -0.0760 -25.6142 -2.7347 -0.0979 0.0060 -1.2766 -0.2864 -0.0200 -0.0230 -0.1763 -0.0990 -0.2157 -0.7906 -1.1100 -2.9853 0.0430 0.0000 -0.9757 -1.5840 -0.1650 -0.1737 -3.3841 -1.3635 -0.1670 -0.4126 -0.1737 0.0020 -1.7071 -4.0964 -2.9664 -4.9263 -0.2267 -0.1160 -0.0120 -0.0410 -1.7953 -0.0570 -0.0230 -2.4722 -0.1400 -3.2018
1_53  -0.0320 -0.3029 -0.0430 -0.1080 -0.0600 -1.1578 -0.0910 -1.8801 -0.5653 -0.1187 -0.1500 -0.1530 -0.1160 -1.5575 -1.0700 -0.0780 -10.2096 -3.7236 -0.0953 -0.0760 -1.3246 -1.3562 -0.0420 -0.0250 -0.6083 -0.1305 -0.1150 -2.7259 -1.4240 -3.3302 -0.1385 -0.0780 -0.4104 -0.8403 -0.0571 -0.1060 -1.4062 -0.0835 -0.0850 -0.8138 -0.2622 -0.0339 -1.2731 -3.4420 -2.2181 -0.4252 -0.0460 -0.0610 -0.1428 -0.0780 -2.5125 -0.8446 -0.0460 -1.5005 -0.1030 -1.3120
1_549  -0.0130 -0.1130 -0.0600 -0.1696 -0.1040 -1.5093 -0.1240 -1.1344 -0.2676 -0.0130 -0.1550 -0.1910 -0.1280 -2.1787 -1.3158 -0.1423 -16.1701 -3.4399 -0.1098 0.0220 -1.2287 -1.0270 -0.0230 0.0030 -0.2095 -0.1015 -0.0800 -1.4296 -0.1448 -3.2222 -0.0340 -0.0140 -0.2230 -0.1216 -0.0200 -0.0320 -1.2438 -0.4861 -0.0020 -0.8355 -0.2011 -0.0370 -1.2591 -2.9267 -1.7595 -0.9895 -0.0150 -0.0310 -0.0240 -0.0490 -0.5096 -0.1444 -0.0240 -1.7764 -0.1550 -4.2269
1_67  -0.0120 -0.1030 -0.1070 -0.0791 -0.1010 -0.7221 -0.0900 -1.3401 -0.3169 -0.0240 -0.1760 -0.1980 -0.1750 -1.7433 -1.3217 -0.1030 -22.1770 -3.4013 -0.1081 0.1130 -1.3766 -0.8182 -0.0200 0.0010 -0.0895 -0.1077 -0.0800 -1.9357 -1.1869 -2.7682 -0.0410 -0.0230 -0.2516 -0.2898 -0.0520 -0.0285 -1.0167 -1.4048 -0.0220 -0.9476 -0.1424 -0.0340 -1.9755 -5.4531 -2.6027 -1.8604 -0.0480 -0.0390 -0.0340 -0.0860 -1.3861 -0.2116 -0.0210 -4.3063 -0.2390 -4.8313
1_84  -0.0090 -0.1553 -0.0540 -0.1176 -0.0710 -0.8463 -0.0760 -1.0860 -0.1720 -0.0220 -0.1070 -0.1200 -0.1080 -1.8573 -1.3278 -0.0870 -14.6765 -3.8389 -0.1086 -0.0170 -1.1369 -0.8402 -0.0220 -0.0230 -0.2351 -0.1424 -0.0790 -1.0977 -1.2449 -3.0785 -0.0140 -0.0180 -0.1835 -0.1710 -0.0240 -0.0760 -1.4827 -0.6103 -0.1280 -0.8030 -0.1585 -0.0140 -1.3208 -3.6648 -2.0384 -1.2393 -0.0280 -0.0290 -0.0140 -0.0390 -1.3489 -0.0770 -0.0190 -2.2480 -0.1270 -3.2448
1_9  -0.0190 -0.2046 -0.0910 -0.2158 -0.0970 -1.3982 -0.0860 -1.8169 -0.4428 -0.0420 -0.1860 -0.2375 -0.1770 -2.4939 -1.3341 -0.0690 -14.4765 -3.6120 -0.1452 -0.0170 -1.2527 -1.5559 -0.0500 -0.0120 -0.2690 -0.1455 -0.0995 -2.7911 -0.9113 -2.0157 -0.0680 -0.0280 -0.3164 -0.1711 -0.0520 0.0110 -1.8636 -0.8249 -0.0010 -0.8787 -0.1489 -0.0130 -1.7546 -5.2967 -2.3497 -1.3584 -0.0500 -0.0190 -0.0280 -0.0830 -1.0399 -0.1811 -0.0210 -3.6682 -0.1920 -3.3510
2_107  -0.0060 -0.0950 -0.0690 -0.1684 -0.0850 -0.9792 -0.0520 -0.7045 -0.1100 -0.0150 -0.0620 -0.1020 -0.0960 -1.6815 -1.4057 -0.0900 -22.3298 -4.2627 -0.0950 0.0040 -0.6618 -1.1257 -0.0300 -0.0130 -0.2864 -0.1235 -0.1110 -0.7423 -0.4679 -2.4534 -0.0110 -0.0110 -0.3824 -0.3703 -0.0150 -0.0580 -0.7878 -0.6047 -0.0400 -0.7306 -0.1686 -0.0380 -1.5561 -4.1077 -1.6128 -2.0070 -0.0060 -0.0520 -0.0100 -0.0330 -2.2613 -0.0620 -0.0190 -2.4708 -0.1360 -4.0436
2_110  -0.0190 -0.7948 -0.0670 -0.1504 -0.0976 -0.1397 -0.1030 -0.6825 -0.2900 -0.0090 -0.0770 -0.0630 -0.0700 -0.6927 -1.7080 -0.0800 -12.9027 -3.1015 -0.1002 0.0560 -0.7435 -0.2572 -0.0080 -0.0030 -0.0510 -0.0650 -0.1040 -0.7526 -0.7383 -3.3390 -0.0220 -0.0630 -0.4737 -1.5269 -0.1917 -0.0620 -1.1434 -1.0434 -0.0470 -0.2223 -0.0780 -0.0310 -1.1473 -5.0732 -1.8341 -3.7502 -0.1287 -0.0380 -0.0280 -0.0560 -0.8371 -0.3080 -0.0280 -5.5426 -0.4008 -4.0484
2_142  -0.0020 -0.2383 -0.0580 -0.1432 -0.0780 -0.8880 -0.0630 -0.5392 -0.1440 -0.0160 -0.0510 -0.0750 -0.0750 -1.5108 -0.8399 -0.0580 -8.2539 -3.6875 -0.1395 -0.0367 -1.2967 -0.7536 -0.0370 -0.0330 -0.4042 -0.1434 -0.0920 -0.9392 0.4972 -2.8761 -0.0160 -0.0970 -1.2111 -1.0766 -0.1640 0.0796 -4.1726 -1.3853 0.0030 -1.3038 -0.1746 -0.0230 -1.2595 -2.8646 -1.9756 -0.6557 -0.0270 -0.0310 -0.0120 -0.0420 -0.4404 -0.0990 -0.0180 -2.2040 -0.1450 -3.8255
2_161  -0.0080 -0.0970 -0.0460 -0.1290 -0.0630 -0.8513 -0.0540 -1.1655 -0.1450 -0.0190 -0.0940 -0.1180 -0.1150 -1.4160 -1.7554 -0.2190 -6.8470 -3.9940 -0.2529 -0.0700 -1.3899 -1.6840 -0.0520 -0.0370 -0.3447 -0.0634 -0.1050 -0.7304 -0.8402 -3.0364 0.0010 -0.0290 -0.6662 -1.3718 -0.1748 -0.0010 -2.2021 -2.1633 0.0500 -1.0720 -0.2474 -0.0190 -1.0617 -4.4003 -1.6558 -2.6993 -0.0543 -0.0500 -0.0200 -0.0470 -0.8598 -0.0970 -0.0180 -3.9622 -0.1270 -2.8799
2_1  -0.0070 -0.1040 -0.0580 -0.1715 -0.0760 -1.1277 -0.0590 -0.9532 -0.1520 -0.0180 -0.0700 -0.0660 -0.0730 -1.5206 -1.5308 -0.0850 -7.1649 -3.9351 -0.1204 -0.0350 -1.0170 -0.6702 -0.0240 -0.0170 -0.2606 -0.0850 -0.1110 -1.1051 -0.9067 -3.1213 0.0290 -0.0350 -0.8236 -1.5930 -0.1445 -0.0330 -0.9221 -1.7203 -0.0180 -0.3848 -0.1398 -0.0432 -1.8706 -3.9938 -1.9721 -4.4983 -0.0440 -0.0580 -0.0180 -0.0460 -3.4627 -0.0830 -0.0210 -2.4632 -0.1110 -2.1769
2_215  -0.0070 -0.1440 -0.0690 -0.0670 -0.0760 -0.9307 -0.0450 -0.8433 -0.1010 -0.0220 -0.0540 -0.0720 -0.0830 -1.7731 -2.0521 -0.1510 -21.8835 -3.0828 -0.1624 0.0670 -0.4681 -0.9343 -0.0260 0.0080 -0.1050 -0.0500 -0.1440 -0.9366 -1.1716 -3.5269 0.0090 -0.0390 -0.6805 -1.3899 -0.0564 -0.1210 -1.9915 -0.3566 -0.0210 -0.3430 -0.1604 -0.0350 -1.1836 -5.0790 -1.9592 -2.1933 -0.0380 -0.0640 -0.0090 -0.0360 -1.3969 -0.0820 -0.0150 -3.7805 -0.2202 -4.9810
2_239  -0.0070 -0.0200 -0.0620 -0.1260 -0.0540 -0.2683 -0.0210 -0.1908 -0.0810 -0.0110 -0.0200 -0.0450 -0.0770 -1.2449 -1.5277 -0.1150 -7.5167 -3.9986 -0.1514 -0.0325 -1.2846 -1.3648 -0.0510 -0.0130 -0.5798 -0.1282 -0.1435 -0.5296 -0.6947 -2.9005 -0.0740 -0.1281 -0.7301 -0.8349 -0.1086 -0.1420 -0.9597 -0.9998 -0.0750 -0.8379 -0.3355 -0.0376 -1.8340 -4.9272 -2.8656 -0.9946 -0.0830 -0.0150 -0.0120 -0.0400 -0.7936 -0.0610 -0.0100 -3.6500 -0.1340 -2.8674
2_252  -0.1419 -0.2051 -0.0520 -0.1697 -0.0840 -1.5513 -0.1070 -2.1876 -1.4384 -0.1486 -0.1921 -0.3308 -0.1440 -2.4545 -1.2090 -0.1360 -12.9541 -3.6651 -0.1326 -0.0905 -1.8301 -0.7568 -0.0230 -0.0150 -0.0890 -0.0550 -0.1140 -1.5371 -0.7007 -2.6918 -0.0260 -0.0170 -0.2254 -0.1551 -0.0130 -0.0580 -1.1028 -0.3022 0.0190 -0.7968 -0.1543 -0.0390 -1.4352 -3.4451 -1.4383 -1.8755 -0.0190 -0.0660 -0.1872 -0.0900 -2.9123 -1.2262 -0.0490 -2.9343 -0.1210 -2.5914
2_256  -0.0070 -0.0160 -0.0750 -0.1519 -0.0940 -1.3016 -0.0630 -0.5216 -0.1750 -0.0200 -0.0770 -0.0640 -0.0720 -0.9009 -1.0732 -0.0700 -10.0544 -3.7907 -0.0930 0.0040 -1.1282 -0.4923 -0.0120 -0.0120 -0.1164 -0.0640 -0.1020 -1.0601 -0.6351 -2.5194 -0.0010 -0.0100 -0.3407 -0.4299 -0.0330 -0.0290 -1.2421 -0.8773 -0.0040 -0.4768 -0.1399 -0.0540 -2.1838 -4.9282 -1.8114 -2.9501 -0.0240 -0.0330 -0.0220 -0.0510 -3.8489 -0.1140 -0.0230 -1.7744 -0.3880 -3.0466
2_25  -0.0080 -0.0440 -0.0500 -0.1269 -0.0640 -0.9343 -0.0550 -1.2631 -0.1614 -0.0350 -0.0970 -0.1590 -0.1120 -2.1812 -1.0814 -0.0860 -17.0848 -4.1363 -0.1218 -0.0424 -0.4698 -0.5557 -0.0180 -0.0200 -0.0957 -0.1358 -0.1180 -1.3744 -0.2535 -3.2166 -0.0540 -0.0490 -0.6412 -1.3077 -0.0968 -0.0680 -1.2673 -1.5626 -0.0470 -0.6030 -0.1250 -0.0090 -0.9696 -3.3663 -1.9993 -1.1381 -0.0620 -0.0430 -0.0170 -0.0440 -1.1199 -0.0700 -0.0180 -2.2742 -0.0780 -2.4640
2_33  -0.0090 -0.1680 -0.0650 -0.1353 -0.0850 -1.5407 -0.0810 -0.9744 -0.1750 -0.0220 -0.0510 -0.0470 -0.0670 -1.4037 -0.9232 -0.0810 -9.0377 -4.1776 -0.1577 0.0581 -0.2138 -0.8078 -0.0100 -0.0090 -0.3325 -0.2131 -0.1198 -0.9559 -0.7396 -1.3314 0.0060 -0.0260 -0.5540 -0.7408 -0.0550 -0.0867 -1.1383 -1.1578 -0.2050 -2.0785 -0.1791 -0.0290 -1.0598 -3.6275 -2.3344 -4.2391 -0.0580 -0.0330 -0.0180 -0.0500 -2.3589 -0.1300 -0.0240 -2.6260 -0.2239 -3.2224
2_35  -0.0190 -0.1680 -0.0480 -0.1343 -0.0690 -1.0486 -0.0940 -1.6504 -0.4758 -0.0718 -0.1480 -0.1280 -0.0990 -1.8966 -0.5207 -0.0340 -11.0835 -3.8993 -0.0946 -0.0640 -1.5983 -0.5959 -0.0200 -0.0300 -0.0951 -0.0930 -0.1069 -2.6076 -0.9940 -4.0849 -0.0280 -0.0440 -0.7580 -0.9158 -0.0936 -0.0810 -1.2620 -1.4297 -0.0410 -0.6660 -0.1153 -0.0100 -0.8975 -2.8034 -1.8643 -2.9942 -0.0589 -0.0400 -0.0220 -0.0540 -0.9932 -0.0840 -0.0230 -1.8942 -0.0840 -1.8998
2_36  -0.0110 -0.2024 -0.0680 -0.1651 -0.0760 -1.3902 -0.0600 -0.9144 -0.1973 -0.0200 -0.1000 -0.1470 -0.1120 -1.6011 -1.0243 -0.1540 -9.2010 -4.2631 -0.2747 0.0941 -0.3653 -2.2321 -0.0210 0.0210 -0.1664 -0.0507 -0.1231 -1.3613 -0.8615 -3.7319 -0.0450 0.0720 -0.8146 -2.2977 -0.0002 -0.1680 -2.1767 -1.3940 -0.0320 -0.6904 -0.2045 -0.0430 -1.0045 -3.5019 -2.7962 -3.0646 -0.2091 -0.0560 -0.0140 -0.0440 -1.6395 -0.0750 -0.0190 -1.9068 -0.1110 -1.9723
2_66  -0.0070 -0.0490 -0.0560 -0.1340 -0.0550 -0.6829 -0.0290 -0.7584 -0.1010 -0.0180 -0.0370 -0.0380 -0.0590 -1.3727 -1.0915 -0.0540 -6.6744 -3.7045 -0.1174 -0.0660 -0.4832 -0.7685 -0.0240 -0.0230 -0.2513 -0.0810 -0.1210 -0.7783 -0.8452 -2.8596 0.0140 -0.0820 -0.7398 -1.6623 -0.2413 -0.0050 -2.4163 -1.9342 -0.0530 -0.7068 -0.1697 -0.0309 -2.2345 -4.1746 -2.4908 -1.0832 -0.0570 -0.0370 -0.0130 -0.0420 -0.5576 -0.0700 -0.0170 -3.3341 -0.1400 -2.9888
2_97  -0.0100 -0.2093 -0.0610 -0.1341 -0.0980 -1.4013 -0.1080 -0.9473 -0.1810 -0.0190 -0.1020 -0.1380 -0.1220 -2.2941 -2.0937 -0.1750 -18.4613 -3.8934 -0.0960 0.0240 -1.6120 -0.6157 -0.0150 -0.0040 -0.1172 -0.0956 -0.1050 -1.1283 -0.1163 -2.6745 -0.0150 -0.0100 -0.2374 -0.1994 -0.0210 -0.0380 -1.2893 -0.7067 -0.0020 -1.0031 -0.1816 -0.0330 -1.2898 -3.5112 -1.5587 -1.8733 -0.0060 -0.0490 -0.0190 -0.0500 -1.1947 -0.1796 -0.0250 -0.9719 -0.1512 -3.7025
