Comp_ID  17 17 20 21 22 23 24 25 26 27 28 29 30 31 32 43 46 47 49 50 51 53 54 56 58 59 65 66 68 69 70 71 72 73 74 75 76 77 80 81 102 103 105 106 107 108 109 110 111 114 118 143 144 145 146 147 148 149 150 151
ZINC000064804934  -0.1951 -0.0470 -0.3571 -0.1150 -0.0550 -2.7836 -2.1315 -0.1150 -0.1180 -3.3387 -22.3661 -0.1200 -0.1150 -0.0140 -0.0940 -2.3568 -1.3038 -0.9443 -4.6017 -0.0557 -0.0780 -0.3041 -0.4276 -0.0570 -0.8823 -0.0410 -1.0884 -0.0110 -0.5276 -1.1398 -0.0410 -0.0280 -6.0904 -0.0470 -0.0110 -0.0190 -0.8026 -0.0030 -0.1690 -0.0090 -0.1354 -0.0110 -0.0664 -0.9000 -0.0590 -0.0240 -0.7633 -1.4808 -0.8637 -0.0610 -0.0730 -0.0340 -0.0560 -1.9435 -4.1348 -0.0580 -0.0200 -6.9707 -0.1100 -0.0390
ZINC000074484650  -0.1506 -0.0570 -1.6486 -0.0630 -0.0400 -2.4195 -1.2226 -0.0830 0.0540 -0.3938 -13.4070 -0.1420 0.0090 -0.0180 -0.0370 -0.0941 -0.2899 -0.2645 -4.0586 -0.0470 -0.0540 -0.2453 -1.2344 -0.0020 -1.0971 -0.0340 -1.3453 -0.0110 -0.2835 -1.5198 -0.0310 -0.0040 -3.6385 -0.0430 -0.0060 -0.0110 -0.3434 -0.0030 -0.1130 -0.0060 -0.0650 -0.0080 -0.0120 -0.2280 -0.0390 -0.0130 -0.1670 -1.4471 -0.8346 -0.1200 -0.0912 -0.0540 -0.0640 -1.4106 -5.9906 -0.0850 0.0130 -6.0301 -0.1330 -0.0240
ZINC000076836015  -0.0490 -0.0350 -0.7662 -0.0550 -0.0570 -2.7904 -0.5776 -0.0840 -0.0850 -2.1994 -18.6285 -0.1200 -0.0880 -0.0160 -0.1057 -1.4754 -1.4295 -0.7140 -5.3488 -0.0700 -0.1040 -0.7116 -0.7646 -0.0510 -1.3824 -0.0130 -0.6388 -0.0060 0.0000 -0.6457 -0.0170 0.0000 -3.0989 -0.0240 -0.0030 -0.0050 -0.0780 -0.0020 -0.0440 -0.0050 -0.0100 -0.0060 -0.0080 -0.0655 -0.0140 -0.0130 -0.0100 -0.6156 -0.2683 -0.0770 -0.3183 -0.0600 -0.0550 -1.8663 -5.0687 -0.0860 -0.1000 -5.6415 -0.0770 -0.0160
ZINC000093013680  -0.0941 -0.0200 -0.5590 -0.0720 -0.0730 -3.4266 -1.0906 -0.0760 -0.0630 -2.1639 -16.3449 -0.0980 -0.0290 -0.0150 -0.0370 -0.7138 -0.4793 -0.5163 -4.2336 -0.0530 -0.0710 -0.0920 -1.2407 -0.0080 -0.7430 -0.0330 -1.0257 0.0010 -0.2052 -1.0331 -0.0220 0.0200 -3.5514 -0.0320 -0.0020 -0.0010 -0.2473 0.0000 -0.0840 -0.0050 -0.0500 -0.0060 -0.0110 -0.2637 -0.0330 0.0010 -0.2814 -1.3200 -0.7919 -0.0870 -0.1320 -0.0500 -0.0280 -1.8786 -5.9702 -0.0630 -0.0280 -5.8448 -0.0720 -0.0210
ZINC000115566238  0.0120 -0.0230 -1.3457 -0.0360 -0.0260 -2.3048 -0.5068 -0.0650 -0.0050 -1.8632 -17.3571 -0.1470 -0.0490 -0.0230 -0.0220 -0.1144 -0.4761 -0.1946 -3.7669 -0.0660 -0.0660 -0.1553 -0.8083 -0.0430 -1.5170 -0.0490 -1.2679 -0.0360 -1.3997 -1.6711 -0.0430 -0.0896 -2.3387 -0.0210 -0.0110 -0.0390 -0.5576 -0.0130 -0.0430 -0.0110 0.0050 -0.0120 -0.2487 -0.9677 -0.0350 -0.0320 -0.6835 -1.4801 -1.1464 -0.0450 -0.0750 -0.0040 -0.0260 -1.7434 -4.7773 -0.0410 -0.0740 -5.4127 -0.0530 -0.0360
ZINC000124982852  -0.0850 -0.0190 -1.5908 -0.0540 -0.0370 -1.5688 -0.8973 -0.0670 -0.0600 -1.5896 -6.7578 -0.1140 -0.0640 -0.0310 -0.0210 -0.0760 -0.3399 -0.0564 -2.8404 -0.0290 -0.0530 -0.0980 -0.1920 -0.1040 -1.3468 -0.0430 -1.0883 -0.0660 -0.5079 -1.4234 -0.0680 -0.4124 -4.0818 -0.0330 -0.0200 -0.0540 -1.0720 -0.0090 -0.0740 -0.0100 -0.0380 -0.0130 -0.2831 -0.5268 -0.0760 -0.0130 -1.4554 -1.4010 -1.0824 -0.0850 -0.1030 -0.0530 -0.0250 -1.2433 -5.5654 -0.0960 0.0040 -4.0839 -0.1470 -0.0260
ZINC000131303503  -0.0645 -0.0170 -1.1508 -0.0520 -0.0080 -1.5042 -0.7273 -0.0750 0.0220 -0.4948 -18.3014 -0.1420 -0.0220 -0.0130 -0.0100 -0.0150 -0.1075 -0.0180 -2.2159 -0.0410 -0.0470 -0.0630 -1.5588 -0.0230 -1.1451 -0.0560 -1.2821 -0.1239 -2.2327 -1.3643 -0.0700 -0.9890 -5.8875 -0.1030 -0.1410 -2.9868 -6.2216 -0.2477 -0.1380 -1.0302 -2.6010 -0.1280 -4.8128 -1.5914 -0.0479 -0.1640 -1.5122 -1.5562 -1.2131 -0.1137 -0.1539 -0.0500 -0.0070 -1.3966 -6.0767 -0.0790 -0.0220 -5.5704 -0.1240 -0.1040
ZINC000131571127  -0.2003 -0.0210 -0.4233 -0.0740 -0.0320 -2.5825 -1.1156 -0.0710 -0.0400 -2.5572 -14.2806 -0.0920 -0.0190 -0.0160 -0.0300 -0.1066 -0.3488 -0.1604 -3.4407 -0.0480 -0.0490 -0.1673 -0.1013 -0.0670 -0.8693 -0.0420 -0.5509 -0.0300 -1.1342 -1.2360 -0.0310 -0.0880 -4.3683 -0.0420 -0.0110 -0.0310 -0.9046 -0.0080 -0.1932 -0.0110 -0.2425 -0.0210 -0.4954 -1.1696 -0.0888 -0.0480 -0.1679 -1.9157 -0.7943 -0.0620 -0.1250 -0.0660 -0.0230 -2.7470 -3.4724 -0.0870 0.0360 -6.5361 -0.1270 -0.0430
ZINC000133991118  -0.0887 -0.0410 -1.1365 -0.0870 -0.0300 -2.2362 -1.0367 -0.1110 0.0100 -1.7998 -25.4778 -0.1550 -0.0110 0.0090 -0.0290 -1.1564 -0.9557 -0.6048 -4.8080 -0.0700 -0.0640 -0.1433 -1.1094 0.0450 -1.1945 -0.0460 -0.7297 -0.0410 -0.2523 -1.3301 -0.0630 -0.0752 -6.8685 -0.0540 -0.0100 -0.0180 -0.9670 -0.0050 -0.1585 -0.0080 -0.0566 -0.0100 -0.1650 -0.7211 -0.0490 -0.0190 -0.9131 -1.5988 -0.6602 -0.1100 -0.1430 -0.0680 -0.0200 -1.4422 -4.4845 -0.0760 -0.0230 -6.1345 -0.0540 -0.0610
ZINC000170742095  -0.0676 -0.0140 -0.9509 -0.0510 -0.1060 -3.6060 -0.7658 -0.0650 -0.0990 -3.0439 -9.4892 -0.1250 -0.0560 -0.0310 -0.0510 -0.7446 -0.4340 -0.7298 -4.4518 -0.0750 -0.0510 -0.1926 -0.7852 -0.0430 -0.5306 -0.0240 -1.2421 0.0080 -0.6790 -1.0157 -0.0430 0.0200 -7.5789 -0.0690 -0.0140 -0.0220 -1.0468 -0.0080 -0.1026 -0.0110 -0.0370 -0.0110 -0.0300 -0.4801 -0.0450 -0.0250 -0.5287 -1.7532 -1.0989 -0.0670 -0.1090 -0.0370 -0.0580 -1.8202 -5.0583 -0.0790 -0.0600 -4.0148 -0.1170 -0.0390
ZINC000172648663  -0.1418 -0.0210 -1.7230 -0.0400 -0.0120 -2.2721 -0.5704 -0.0790 0.0240 -0.9275 -15.6309 -0.1510 -0.0410 -0.0240 -0.0200 -0.0520 -0.6555 -0.0410 -4.4834 -0.1000 -0.0650 -0.1111 -1.4868 -0.0190 -1.0607 -0.0790 -0.7358 -0.1844 0.3593 -1.5781 -0.0437 -0.2175 -4.7475 -0.0570 -0.0200 -0.1202 -0.4446 -0.0230 -0.1281 -0.0190 -0.3153 -0.0450 -1.1946 -0.9291 -0.1128 -0.1640 -2.8334 -1.9183 -0.7282 -0.1130 -0.1964 -0.0830 0.0060 -2.0303 -7.3103 -0.1160 -0.0701 -3.9399 -0.1080 -0.0545
ZINC000176805277  -0.2231 -0.0210 -1.6536 -0.0500 -0.0410 -2.3999 -1.0951 -0.0710 -0.0360 -1.6188 -10.8214 -0.1400 -0.0450 -0.0240 -0.0330 -0.1324 -0.5813 -0.0982 -4.9406 -0.0580 -0.0670 -0.1060 -1.5723 -0.0477 -1.3452 -0.0720 -1.1472 -0.0560 -1.2060 -1.4415 -0.0750 -0.4700 -5.1182 -0.0450 -0.0200 -0.0570 -1.4572 -0.0190 -0.2065 -0.0120 -0.4103 -0.0200 -1.1700 -1.7879 -0.1273 -0.0580 -1.7367 -1.7662 -0.8403 -0.1175 -0.2277 -0.0730 -0.0260 -2.2732 -6.3913 -0.0835 -0.0748 -5.2650 -0.1160 -0.0604
ZINC000176995469  -0.0430 -0.0180 -1.0056 -0.0260 -0.0460 -1.5627 -0.3045 -0.0340 0.0130 -0.7613 -8.9838 -0.1160 -0.0150 -0.0270 -0.0330 -0.0296 -0.3970 -0.0190 -2.8494 -0.0830 -0.0430 -0.0850 -1.5721 -0.0120 -1.6417 -0.0320 -1.2747 -0.0590 -0.9497 -1.1708 -0.0912 -0.5332 -2.0735 -0.0080 -0.0260 -0.0870 -2.4349 -0.0130 -0.0320 -0.0150 -0.0320 -0.0190 -0.6291 -0.9528 -0.0470 -0.0940 -1.0115 -1.3130 -0.9831 -0.0938 -0.2157 -0.0680 -0.0130 -1.2476 -6.4687 -0.0800 -0.0436 -4.6465 -0.0830 -0.0310
ZINC000182372239  -0.1445 -0.0090 -0.6421 -0.0440 -0.0450 -1.9923 -0.8016 -0.0550 -0.0720 -1.5355 0.5177 -0.0960 -0.0640 -0.0180 -0.0270 -0.1380 -0.4579 -0.0764 -3.2231 -0.0470 -0.0350 -0.1030 -0.2950 -0.0970 -1.3353 -0.0510 -1.8359 0.0110 -0.8424 -1.3139 -0.0510 0.1110 -20.2434 -0.0690 -0.0020 0.0200 -1.6326 0.0000 -0.1472 -0.0060 -0.2053 -0.0090 -0.0008 -1.6952 -0.1100 0.0120 -0.9291 -1.5420 -1.1644 -0.0690 -0.0870 -0.0240 -0.0530 -0.7761 -4.6357 -0.0570 -0.0749 -4.5272 -0.1390 -0.0360
ZINC000186482223  -0.1041 -0.0650 -1.5028 -0.0420 -0.0190 -2.4084 -0.9292 -0.0560 -0.0530 -3.1703 -13.7432 -0.0980 -0.0630 -0.0490 -0.0690 -0.8264 -1.0698 -0.2581 -3.7725 -0.0604 -0.0520 -0.0920 -0.2742 -0.0870 -0.3548 -0.0620 -1.0162 -0.0358 -1.1485 -1.6331 -0.0220 -0.0324 0.3493 -0.0310 -0.0080 -0.0310 -0.5758 -0.0140 -0.1083 -0.0100 -0.1454 -0.0110 -0.2085 -1.6056 -0.0840 -0.0120 -1.0593 -1.7843 -1.0139 -0.0890 -0.1060 -0.0590 -0.0310 -1.0011 -5.9751 -0.0970 -0.0080 -6.6453 -0.1140 -0.0530
ZINC000188287346  -0.1867 -0.1310 -2.9064 -0.1040 -0.0190 -2.8758 -1.2255 -0.1050 0.0110 -1.5936 -13.4588 -0.1110 -0.0260 -0.0130 -0.0410 -0.9343 -0.4560 -0.5946 -4.4804 -0.0590 -0.0720 -0.1624 -0.7404 -0.0710 -1.2376 -0.0630 -1.5972 -0.0260 -0.5677 -1.8695 -0.0560 0.0046 -4.4745 -0.0580 -0.0110 -0.0130 -0.3246 -0.0070 -0.1754 -0.0080 -0.1469 -0.0110 -0.1937 -1.4882 -0.0650 -0.0310 -1.2903 -2.3976 -1.1415 -0.0860 -0.1843 -0.0710 -0.0190 -1.3305 -5.9951 -0.0830 -0.0250 -7.8620 -0.0650 -0.0580
ZINC000191344346  -0.1375 -0.0790 -2.8088 -0.0990 -0.0160 -2.8299 -1.5120 -0.1190 -0.0150 -1.9450 -19.3392 -0.1250 -0.0600 -0.0170 -0.0230 -0.1614 -0.4375 -0.1725 -3.1834 -0.0450 -0.0600 -0.1662 0.6275 -0.1180 -1.0030 -0.0440 -0.5263 -0.0732 -1.2052 -1.5793 -0.0920 -0.3677 -11.7221 -0.1032 -0.0250 -0.0390 -1.7251 -0.0110 -0.2920 -0.0150 -0.1669 -0.0210 -0.7585 -2.3653 -0.0260 -0.0780 -1.7490 -2.1952 -0.8231 -0.0430 -0.1400 -0.0460 -0.0290 -2.2936 -4.6986 -0.0650 -0.0800 -7.5998 0.0100 -0.1327
ZINC000192043753  -0.0721 -0.0340 -1.1623 -0.0520 -0.0950 -3.7657 -0.3364 -0.0800 -0.0700 -1.9690 -16.6527 -0.1290 -0.0460 -0.0140 -0.0300 -1.3222 -0.1570 -0.6415 -4.4414 -0.0590 -0.0600 -0.2288 -1.9023 -0.0050 -1.1853 -0.0500 -1.2754 -0.0160 -1.3061 -1.4249 -0.0490 0.0080 -4.0521 -0.0540 -0.0090 -0.0120 -0.7173 -0.0050 -0.0983 -0.0090 -0.0440 -0.0110 -0.0700 -0.4152 -0.0370 -0.0300 -0.7068 -1.2234 -0.8310 -0.1261 -0.2394 -0.0680 -0.0090 -1.7159 -5.9229 -0.0880 -0.0440 -6.3152 -0.1170 -0.0320
ZINC000228149300  0.0166 -0.0420 -3.3836 -0.0540 -0.0230 -2.3932 -0.3000 -0.1020 -0.0210 -2.2150 -25.1628 -0.1780 -0.0390 -0.0100 -0.0180 -0.0730 -0.5882 -0.0495 -2.8367 -0.0510 -0.0430 -0.0740 -0.7451 -0.0733 -0.8934 -0.0390 -0.9233 -0.0100 -0.5493 -1.3243 -0.0510 -0.0140 -5.0412 -0.0440 -0.0090 -0.0300 -1.4564 -0.0100 -0.1578 -0.0140 -0.0567 -0.0110 -0.1080 -0.8817 -0.0320 -0.0160 -0.5403 -1.7377 -1.1657 -0.1230 -0.0100 -0.0150 -0.0680 -1.8619 -4.7482 -0.0550 -0.0601 -5.8610 -0.0660 -0.0590
ZINC000245453841  -0.1980 -0.0510 -1.0374 -0.1140 -0.0400 -3.2424 -2.1380 -0.1710 0.0350 -1.7914 -24.7695 -0.2380 0.0090 0.0280 -0.0310 -0.2577 -0.5891 -0.2201 -3.1298 -0.0590 -0.0380 -0.0810 -0.7407 -0.0394 -0.4352 -0.0740 -1.7603 -0.0060 -1.3596 -1.9786 -0.1060 0.2290 -27.1672 -0.1090 0.0060 0.0640 -1.4795 0.0170 -0.2109 0.0000 -0.1716 -0.0040 0.0262 -1.0094 -0.0820 0.0330 -1.2234 -2.1070 -0.9137 -0.1070 -0.0210 -0.0230 -0.0670 -1.5981 -3.7514 -0.0390 -0.0650 -4.6223 -0.0460 -0.0370
ZINC000247001079  -0.1226 0.0400 -0.6488 -0.0470 -0.0820 -2.1714 -0.6965 -0.0660 -0.1170 -1.9059 -7.5228 -0.1190 -0.0740 -0.0160 -0.0380 -0.9618 -0.4654 -0.5342 -4.3592 -0.0450 -0.0670 -0.1471 -0.7647 -0.0750 -1.1466 -0.0630 -1.2685 -0.0180 -1.0543 -1.8692 -0.0310 0.0307 -4.0198 -0.0360 -0.0060 -0.0120 -0.3367 -0.0060 -0.0993 -0.0080 -0.0729 -0.0080 -0.0199 -0.3957 -0.0500 0.0010 -0.6795 -1.4687 -0.8938 -0.0670 -0.1326 -0.0560 -0.0560 -1.7891 -6.6854 -0.1010 -0.0190 -5.9384 -0.1340 -0.0300
ZINC000247015101  -0.0440 -0.0190 -0.8578 -0.0440 -0.0520 -2.4714 -0.7680 -0.0760 -0.0340 -1.1457 -18.9860 -0.1420 -0.0510 -0.0170 -0.0230 -0.2659 -0.4478 -0.2706 -4.6200 -0.0780 -0.0610 -0.1830 -1.6943 0.0030 -1.2687 -0.0190 -1.0301 -0.0090 -0.0475 -1.0659 -0.0230 -0.0100 -3.0768 -0.0310 -0.0050 -0.0110 -0.1283 -0.0040 -0.0560 -0.0060 -0.0040 -0.0060 -0.0170 -0.0981 -0.0130 -0.0190 -0.0250 -1.0607 -0.6884 -0.1180 -0.2190 -0.0570 -0.0240 -2.2250 -5.6707 -0.0700 -0.0800 -4.3261 -0.0720 -0.0250
ZINC000248559983  -0.1473 -0.0250 -1.9192 -0.0560 -0.0590 -2.4723 -0.6094 -0.0210 -0.1030 -2.4774 -0.4983 -0.0760 -0.0670 -0.0280 -0.0240 -0.2119 -0.1868 -0.3729 -3.4454 -0.0240 -0.0660 -0.1796 -0.3450 -0.1104 -0.8620 -0.0650 -1.2550 -0.0359 -0.3011 -1.7289 -0.0380 -0.0459 0.7250 -0.0280 -0.0100 -0.0290 -0.3469 -0.0120 -0.1160 -0.0110 -0.2055 -0.0140 -0.2966 -1.8307 -0.1075 -0.0260 -1.5150 -1.7975 -1.0955 -0.1139 -0.1620 -0.0770 -0.0370 -1.7572 -4.3008 -0.1020 0.0230 -7.6158 -0.1480 -0.0480
ZINC000248917461  0.0070 -0.0480 -3.0217 -0.0120 -0.0590 -3.3817 -0.7817 -0.0470 -0.0500 -1.1720 -12.9381 -0.1110 -0.0390 -0.0110 -0.0260 -0.5288 -0.3017 -0.3719 -3.3951 -0.0450 -0.0590 -0.1330 -1.1701 0.0026 -1.1627 -0.0260 -1.1936 -0.0110 -0.0470 -0.8602 -0.0160 -0.0270 0.5891 -0.0040 -0.0030 -0.0160 -0.0178 -0.0100 0.0010 -0.0070 0.0220 -0.0060 -0.0240 -0.1948 -0.0180 -0.0140 -0.0910 -0.6808 -0.7254 -0.1023 -0.1260 -0.0530 -0.0310 -1.5470 -6.7280 -0.0710 -0.0470 -5.2638 -0.0680 -0.0170
ZINC000249076038  -0.0472 -0.0580 -1.6985 -0.0400 -0.0590 -3.0322 -0.6244 -0.0690 -0.0450 -1.9289 -24.7302 -0.1210 -0.0220 0.0010 -0.0430 -0.9859 -0.3837 -0.3062 -4.3755 -0.0590 -0.0600 -0.1190 -0.9884 -0.0140 -1.1513 -0.0340 -0.7424 -0.0320 -0.4294 -0.9043 -0.0220 -0.0620 -0.1781 -0.0060 -0.0040 -0.0170 -0.2937 -0.0080 -0.0371 -0.0060 -0.0210 -0.0080 -0.0430 -0.6112 -0.0410 -0.0240 -0.3517 -0.4061 -0.7826 -0.0990 -0.1768 -0.0720 -0.0210 -1.8161 -6.4183 -0.0830 -0.0310 -6.3120 -0.0940 -0.0210
ZINC000263644082  -0.1453 -0.0400 -1.6509 -0.0700 -0.0520 -3.0665 -1.2408 -0.0850 -0.0350 -2.8781 -24.9732 -0.1400 -0.0330 -0.0210 -0.0760 -1.0709 -1.2475 -0.2870 -3.7692 -0.0796 -0.0500 -0.0920 -0.9148 -0.0110 -0.9965 -0.0790 -1.5218 -0.0130 -1.4332 -1.8003 -0.0310 -0.0078 -2.5621 -0.0340 -0.0090 -0.0270 -0.4182 -0.0070 -0.1377 -0.0080 -0.0727 -0.0090 -0.0627 -0.3920 -0.0520 0.0120 -0.8488 -1.4678 -0.6906 -0.0990 -0.0980 -0.0500 -0.0420 -0.9472 -6.3516 -0.0710 -0.0060 -6.3678 -0.1110 -0.0330
ZINC000285725404  -0.2563 0.0040 -0.7181 -0.0440 -0.0140 -2.0662 -0.9923 -0.0780 0.0080 -1.1047 -14.1204 -0.1650 -0.0630 -0.0360 -0.0140 -0.0290 -0.3814 -0.0190 -4.4082 -0.0850 -0.0690 -0.0780 -1.1687 -0.0810 -1.5777 -0.0670 -1.9364 -0.0430 -1.7171 -2.1231 -0.0710 -0.1626 -8.7129 -0.0610 -0.0280 -0.0690 -1.7763 -0.0240 -0.4238 -0.0180 -0.9094 -0.0220 -0.7899 -1.6042 -0.0560 -0.0880 -1.8112 -2.1582 -1.2706 -0.0573 -0.1262 -0.0210 -0.0320 -1.6939 -3.9360 -0.0510 -0.1450 -5.9311 -0.0170 -0.1275
ZINC000287374567  -0.0331 -0.0260 -0.5047 -0.0200 -0.0400 -2.1048 -0.3746 -0.0150 -0.0410 -1.2074 -5.4447 -0.0930 -0.0350 -0.0280 -0.0150 -0.0340 -0.2324 -0.0230 -2.7279 -0.0480 -0.0460 -0.0720 -1.0165 -0.0590 -0.0687 -0.0480 -1.3394 -0.0240 -0.9052 -1.3431 -0.0210 -0.0770 0.4110 -0.0060 -0.0090 -0.0350 -1.4288 -0.0120 -0.0564 -0.0110 -0.0629 -0.0120 -0.1584 -1.1164 -0.0330 -0.0470 -0.8318 -1.5977 -1.2710 -0.0674 -0.0970 -0.0380 -0.0520 -1.8237 -5.3253 -0.0780 -0.0760 -4.8192 -0.0660 -0.0360
ZINC000287581634  -0.1089 0.0330 -0.7550 -0.0450 -0.0860 -2.3877 -0.6034 -0.0550 -0.1400 -1.8290 -5.7021 -0.1130 -0.0840 -0.0200 -0.0180 -0.3104 -0.3575 -0.2740 -3.7494 -0.0300 -0.0640 -0.1080 -0.8029 -0.0720 -0.8889 -0.0650 -1.6323 0.0010 -0.9813 -1.7241 -0.0260 0.0179 -3.1767 -0.0300 -0.0040 -0.0120 -0.2871 -0.0060 -0.0717 -0.0070 -0.0530 -0.0080 -0.0260 -0.2706 -0.0380 -0.0050 -0.5233 -1.3963 -0.5217 -0.0670 -0.1452 -0.0590 -0.0540 -1.8216 -6.6483 -0.1010 -0.0280 -5.9175 -0.1200 -0.0270
ZINC000295103757  -0.1219 -0.0190 -1.0726 -0.0610 -0.0640 -3.5301 -0.7289 -0.0710 -0.0490 -2.9117 -6.2372 -0.0900 -0.0570 -0.0250 -0.0370 -0.0910 -0.7209 -0.0520 -3.0669 -0.0671 -0.0490 -0.0990 0.2231 -0.1230 -0.3051 -0.0340 -1.2006 -0.0060 -0.3809 -1.0501 -0.0280 -0.0020 -4.7378 -0.0310 -0.0040 -0.0100 -0.2046 -0.0040 -0.1005 -0.0070 -0.0502 -0.0080 -0.0250 -0.1438 -0.0140 -0.0310 -0.1801 -1.0059 -1.0108 -0.0500 -0.1170 -0.0510 -0.0210 -1.4610 -5.5616 -0.0800 0.0150 -8.0736 -0.0910 -0.0310
ZINC000296612417  -0.0900 -0.0290 -1.5126 -0.0690 -0.0270 -2.2589 -1.2916 -0.1070 0.0040 -2.0348 -13.3815 -0.1330 -0.0070 0.0020 -0.0660 -0.8954 -0.9007 -0.6054 -4.7971 -0.0810 -0.0570 -0.1821 -1.0958 0.0160 -1.3116 -0.0290 -0.9451 -0.0180 -0.2972 -1.0567 -0.0420 -0.0140 -7.5430 -0.0460 -0.0050 -0.0010 -0.7628 -0.0010 -0.1270 -0.0050 -0.0780 -0.0070 -0.0560 -0.8553 -0.0660 -0.0040 -0.7190 -1.1383 -0.5974 -0.1000 -0.1742 -0.0670 -0.0180 -1.4802 -6.0407 -0.0750 -0.0090 -5.9392 -0.0590 -0.0360
ZINC000301801549  -0.0660 -0.1623 -0.8096 -0.1280 -1.9018 -4.3680 -0.5635 -0.1470 -1.5544 -3.8087 -16.7005 -0.1270 -0.0850 -0.0160 -0.7541 -1.0722 -0.2581 -0.1212 -3.2257 -0.0450 -0.0610 -0.1230 -0.9452 -0.0340 -1.3376 -0.0170 -1.0184 -0.0040 0.0001 -0.8879 -0.0210 0.0020 -3.0476 -0.0280 -0.0040 -0.0070 -0.0907 -0.0030 -0.0500 -0.0060 -0.0140 -0.0070 -0.0080 -0.0986 -0.0200 -0.0130 -0.0320 -1.0171 -0.5577 -0.0920 -0.1560 -0.0580 -0.0230 -2.4820 -6.2674 -0.0760 -0.0350 -5.3788 -0.0840 -0.0200
ZINC000332414923  -0.0670 -0.0440 -0.7361 -0.0540 -0.0740 -3.1420 -0.5586 -0.0860 -0.0060 -2.5769 -18.5256 -0.1130 -0.0450 -0.0140 -0.0410 -1.3347 -0.3799 -0.4202 -4.9742 -0.1140 -0.0890 -1.0289 -1.1271 -0.0110 -1.3056 -0.0150 -0.7501 -0.0050 0.0030 -0.4468 -0.0160 0.0030 -1.9390 -0.0220 -0.0030 -0.0040 -0.0540 -0.0020 -0.0430 -0.0040 -0.0120 -0.0040 -0.0060 -0.0490 -0.0170 -0.0090 -0.0090 -0.7337 -0.3428 -0.1005 -0.2201 -0.0650 -0.3956 -3.7283 -5.0081 -0.1210 -0.9484 -4.0939 -0.0840 -0.0170
ZINC000336580930  -0.0480 -0.0170 -2.2573 -0.0500 -0.0240 -2.0216 -0.7288 -0.0830 -0.0330 -1.1185 -12.4974 -0.1400 -0.0510 -0.0200 -0.0140 -0.0560 -0.1744 -0.0340 -2.4344 -0.0520 -0.0400 -0.0880 -0.9161 -0.0610 -0.8906 -0.0560 -1.9221 -0.0040 -1.2589 -1.9425 -0.0570 0.0890 -6.3230 -0.0670 -0.0070 0.0000 -0.9824 -0.0040 -0.1095 -0.0070 -0.0271 -0.0090 -0.0048 -0.5464 -0.0350 -0.0080 -0.5638 -1.5823 -0.9741 -0.0860 -0.0947 -0.0390 -0.0320 -1.8043 -6.7153 -0.0800 -0.0240 -4.8167 -0.0900 -0.0460
ZINC000347007006  -0.2745 -0.0210 0.1799 -0.1160 -0.0360 -2.1413 -0.9870 -0.1310 -0.0430 -2.0959 -13.6135 -0.1390 -0.0550 -0.0210 -0.0290 -0.0882 -0.8564 -0.0620 -3.2830 -0.0530 -0.0490 -0.0750 -0.6975 -0.0560 -0.7101 -0.0938 -1.3650 0.0200 -0.5880 -1.5063 -0.0320 0.0480 -7.2693 -0.0770 -0.0090 0.0010 -1.1002 0.0010 -0.3279 -0.0060 -0.2285 -0.0110 -0.0408 -0.6449 -0.0620 0.0020 -0.9584 -1.7702 -0.9500 -0.0850 -0.0330 -0.0150 -0.0670 -2.1025 -3.9580 -0.0510 0.0380 -7.7599 -0.1660 -0.0340
ZINC000348332392  -0.0100 -0.0170 -0.6576 -0.0160 -0.0730 -3.1451 -0.2149 -0.0160 -0.0690 -1.1453 -5.2865 -0.0810 -0.0510 -0.0230 -0.0300 -0.1539 -0.7458 -0.3134 -4.9123 -0.0680 -0.0750 -0.2279 -1.5026 -0.0210 -1.5104 -0.0270 -0.9298 -0.0150 -0.1709 -0.7505 -0.0090 -0.0300 -2.0743 -0.0010 -0.0010 -0.0130 -0.1026 -0.0070 0.0060 -0.0060 0.0080 -0.0060 -0.0230 -0.1793 -0.0210 -0.0140 -0.1236 -1.1061 -0.7208 -0.0980 -0.2444 -0.0920 -0.0240 -2.3025 -6.2880 -0.1120 -0.0430 -6.4231 -0.0760 -0.0180
ZINC000348635286  -0.0103 -0.0370 -2.1627 -0.0430 -0.0380 -2.9793 -0.4283 -0.0590 -0.0280 -1.4308 -8.4434 -0.0740 -0.0250 -0.0140 -0.0290 -0.2922 -0.2606 -0.2678 -3.6372 -0.0470 -0.0510 -0.1460 -0.4379 -0.0420 -0.7777 -0.0250 -0.7321 -0.0190 -0.1923 -0.7704 -0.0130 -0.0230 -2.9257 -0.0130 -0.0030 -0.0150 -0.0761 -0.0080 -0.0433 -0.0070 0.0366 -0.0080 -0.0340 -0.2708 -0.0270 -0.0090 -0.1906 -1.1658 -0.7998 -0.0720 -0.1760 -0.0950 -0.0110 -1.6089 -6.6868 -0.1170 0.0120 -8.2407 -0.0850 -0.0300
ZINC000353995714  -0.0630 -0.0100 -0.8469 -0.0380 -0.0380 -1.8972 -0.3533 -0.0570 -0.0700 -2.0468 -13.5739 -0.1230 -0.0820 -0.0350 -0.0280 -0.2410 -0.6603 -0.1383 -3.5703 -0.0553 -0.0610 -0.0970 -0.7032 -0.0710 -1.1974 -0.0750 -1.7149 -0.0590 -2.1041 -2.0449 -0.0400 -0.1645 -2.1687 -0.0420 -0.0160 -0.0480 -2.5372 -0.0150 -0.0666 -0.0130 -0.0105 -0.0270 -0.3385 -0.6951 -0.0450 -0.1050 -2.2662 -1.4984 -1.2110 -0.0740 -0.1520 -0.0580 -0.0160 -1.4859 -6.9447 -0.0860 -0.0330 -4.9572 -0.1080 -0.0410
ZINC000358253868  -0.0604 -0.0460 -0.4874 -0.0270 -0.0970 -3.3230 -0.6283 -0.0440 -0.0620 -1.0538 -9.4438 -0.1260 -0.0630 -0.0230 -0.0400 -0.1020 -0.9139 -0.0690 -1.0445 -0.1247 -0.0540 -0.0890 -1.1425 -0.0870 -0.3848 -0.0270 -1.0749 0.0070 -0.1014 -1.1561 -0.0330 0.0230 -5.9865 -0.0330 -0.0040 -0.0090 -0.2911 -0.0060 -0.0320 -0.0060 -0.0370 -0.0080 -0.0050 -0.4043 -0.0580 0.0010 -0.2311 -1.5111 -0.6656 -0.0820 -0.1223 -0.0430 -0.0760 -1.8693 -5.3480 -0.1080 -0.1190 -4.2540 -0.1370 -0.0160
ZINC000369205980  -0.0680 -0.0150 -1.4249 -0.0490 -0.0490 -2.3543 -0.5274 -0.0600 -0.1060 -1.8208 -6.8226 -0.1320 -0.0800 -0.0170 -0.0140 -0.0920 -0.1803 -0.0682 -3.1518 -0.0360 -0.0560 -0.0950 -0.9599 -0.0620 -1.3268 -0.0620 -1.7431 -0.0136 -1.1082 -1.7888 -0.0690 0.0918 -4.9557 -0.0630 -0.0040 0.0020 -1.4008 -0.0080 -0.1254 -0.0070 -0.1297 -0.0080 -0.0898 -1.2616 -0.0250 -0.0320 -0.7020 -1.3552 -1.4665 -0.0900 -0.1130 -0.0370 -0.0580 -2.3957 -6.1233 -0.0630 -0.0710 -5.7121 -0.0530 -0.0480
ZINC000374368469  -0.0990 -0.0230 -1.4904 -0.0530 -0.0600 -3.3116 -0.7671 -0.0830 -0.0070 -1.3373 -23.9043 -0.1720 -0.0200 -0.0210 -0.0550 -0.7761 -0.5979 -0.2789 -3.4133 -0.0560 -0.0570 -0.0910 -1.6741 0.0003 -0.9009 -0.0410 -1.5749 -0.0160 -0.7422 -1.6600 -0.0640 -0.2310 -4.3375 -0.0430 -0.0280 -0.0690 -3.0182 -0.0120 -0.1098 -0.0140 -0.0891 -0.0180 -0.3905 -1.3776 -0.0740 -0.0650 -1.5271 -1.9198 -1.1363 -0.1050 -0.0290 -0.0230 -0.0850 -2.0178 -5.7180 -0.0700 -0.0450 -6.1428 -0.1330 -0.0480
ZINC000375486080  -0.0852 -0.0130 -0.7663 -0.0310 -0.0480 -2.4772 -0.4355 -0.0580 -0.0740 -1.9234 -10.3441 -0.1180 -0.1100 -0.0440 -0.0410 -1.1718 -0.8898 -0.8481 -5.5471 -0.0870 -0.0640 -0.2170 -1.8161 -0.0399 -0.6603 -0.0320 -0.4537 -0.0300 -0.3084 -1.0535 -0.0110 -0.0440 -4.6669 -0.0280 -0.0040 -0.0150 -0.3600 -0.0060 -0.0481 -0.0060 -0.0410 -0.0080 -0.0200 -0.3621 -0.0470 -0.0140 -0.1798 -0.7860 -0.8175 -0.1055 -0.1130 -0.0500 -0.0720 -1.5258 -4.9825 -0.0910 -0.0430 -5.2237 -0.1400 -0.0250
ZINC000376738332  -0.1390 -0.0210 -1.0480 -0.0470 -0.0320 -2.2625 -0.6026 -0.0620 -0.0720 -1.8867 -7.0279 -0.1310 -0.0720 -0.0300 -0.0210 -0.0661 -0.4512 -0.0380 -3.4062 -0.0500 -0.0500 -0.0790 -1.2950 -0.0170 -1.2169 -0.0610 -1.2864 -0.0350 -2.0976 -1.8454 -0.0421 0.0616 -1.1381 -0.0500 -0.0040 -0.0060 -0.9123 -0.0070 -0.1140 -0.0070 -0.1210 -0.0100 -0.0926 -1.0811 -0.0960 0.0160 -0.9686 -0.9902 -1.0382 -0.1470 -0.2825 -0.1010 -0.0360 0.1848 -8.5121 -0.1050 -0.0748 -5.5406 -0.0980 -0.0280
ZINC000398583627  -0.0527 -0.0240 -0.5397 -0.0280 -0.0840 -3.4250 -1.0214 -0.0480 -0.0770 -2.6044 -9.5100 -0.0950 -0.0300 -0.0170 -0.0540 -0.9911 -0.5315 -0.5371 -3.6128 -0.0640 -0.0570 -0.1328 -0.6423 -0.0738 -0.9984 -0.0310 -1.1243 -0.0120 -0.1889 -1.0108 -0.0190 -0.0100 -3.4506 -0.0180 -0.0010 -0.0060 -0.1909 -0.0050 -0.0391 -0.0050 -0.0390 -0.0070 -0.0130 -0.1992 -0.0330 -0.0080 -0.1325 -1.3843 -0.9575 -0.0882 -0.1270 -0.0630 -0.0560 -2.2192 -5.2313 -0.1030 -0.0500 -5.6134 -0.1030 -0.0150
ZINC000407281203  -0.1254 -0.0230 -0.0828 -0.0750 -0.0380 -2.6674 -1.3359 -0.1040 -0.0270 -1.4504 -28.8763 -0.1860 -0.0380 -0.0160 -0.0340 -0.1150 -0.7629 -0.0837 -3.3042 -0.0914 -0.0430 -0.1556 -0.4719 -0.0510 -0.6972 -0.0410 -1.5474 -0.0070 -0.7589 -1.6995 -0.0530 0.0110 -7.0269 -0.0630 -0.0090 -0.0080 -0.1608 -0.0000 -0.1040 -0.0060 -0.0640 -0.0080 -0.0180 -0.2325 -0.0440 -0.0110 -0.3154 -1.7020 -1.1067 -0.0840 -0.0220 -0.0110 -0.0800 -2.3191 -4.1819 -0.0610 -0.0566 -5.1478 -0.1230 -0.0230
ZINC000409447221  -0.0964 -0.0140 -0.9402 -0.0440 -0.0740 -2.3728 -0.1580 -0.0540 -0.0900 -1.9717 -14.6224 -0.1170 -0.0500 -0.0160 -0.0440 -0.7079 -0.4373 -0.6267 -3.2737 -0.0240 -0.0680 -0.2503 -0.2962 -0.0610 -0.5979 -0.0300 -1.2284 -0.0130 -0.9437 -1.3862 -0.0420 -0.0470 -3.6429 -0.0510 -0.0160 -0.0290 -1.4072 -0.0070 -0.1177 -0.0110 -0.1089 -0.0140 -0.0880 -0.8775 -0.0570 -0.0480 -1.1128 -1.3768 -1.2883 -0.0650 -0.1130 -0.0530 -0.0430 -2.1717 -4.9228 -0.0740 -0.0190 -6.0458 -0.1120 -0.0520
ZINC000410783840  -0.0800 -0.0510 -1.5214 -0.0330 -0.0140 -1.8373 -0.5789 -0.0630 0.0530 -0.7893 -15.8413 -0.1380 -0.0280 -0.0280 -0.0250 -0.0060 -0.6818 -0.0150 -4.0742 -0.0890 -0.0700 -0.0650 -1.2946 -0.0690 -1.3743 -0.0440 -0.9372 -0.0822 -0.3556 -1.4083 -0.0744 -0.3193 -4.3118 -0.0660 -0.0280 -0.0680 -1.0772 -0.0160 -0.1192 -0.0130 -0.1186 -0.0280 -0.9461 -0.3747 -0.0669 -0.0900 -1.7089 -1.9715 -0.9993 -0.1000 -0.2094 -0.0730 -0.0020 -1.1899 -5.5410 -0.0930 -0.0625 -4.5865 -0.0960 -0.0480
ZINC000412048402  -0.1704 -0.0320 -1.5121 -0.0740 -0.0400 -2.5993 -1.1661 -0.0940 -0.0390 -2.0702 -12.1146 -0.1360 -0.0450 -0.0230 -0.0290 -0.1157 -0.4443 -0.1194 -3.6915 -0.0430 -0.0470 -0.0970 -0.8011 -0.0410 -1.0125 -0.0440 -1.2854 -0.0270 -1.3150 -1.7124 -0.0670 -0.1334 -7.1755 -0.0560 -0.0230 -0.0600 -2.3188 -0.0080 -0.1509 -0.0160 -0.0356 -0.0300 -0.4089 -0.7860 -0.0140 -0.1820 -3.5515 -1.9432 -1.1637 -0.0800 -0.0290 -0.0100 -0.0740 -2.2766 -5.4999 -0.0610 -0.0110 -6.4287 -0.1640 -0.0500
ZINC000421295130  -0.1570 -0.0420 -2.0300 -0.0820 -0.0520 -2.7915 -0.9765 -0.0890 -0.1290 -3.3447 -7.4850 -0.0770 -0.0750 -0.0180 -0.1130 -2.0454 -1.1102 -1.2703 -5.5360 -0.0926 -0.0800 -1.1531 -1.1668 -0.0080 -0.9206 -0.0180 -0.4582 -0.0060 -0.0080 -0.3272 -0.0130 0.0020 -3.7378 -0.0300 -0.0040 -0.0090 -0.1260 -0.0020 -0.1165 -0.0070 -0.0630 -0.0070 -0.0040 -0.1608 -0.0360 -0.0110 -0.0270 -1.0215 -0.3734 -0.0990 -0.1847 -0.0800 -0.0440 -2.5913 -4.6477 -0.1040 0.0260 -7.2507 -0.1490 -0.0260
ZINC000421699823  -0.0500 -0.2947 -0.5769 -0.0980 -1.6247 -4.0380 -0.5290 -0.1020 -1.0827 -2.7303 -19.5973 -0.0920 -0.0310 -0.0050 -0.7040 -1.2711 -0.2124 -0.5101 -4.0773 -0.0380 -0.0750 -1.0657 -1.5215 0.0370 -1.0056 -0.0090 -0.4524 -0.0040 0.0120 -0.1634 -0.0110 0.0020 -0.7967 -0.0150 -0.0010 -0.0010 -0.0160 -0.0010 -0.0300 -0.0030 -0.0040 -0.0040 -0.0020 -0.0150 -0.0100 -0.0070 0.0080 -0.2866 -0.0898 -0.0931 -0.1750 -0.0600 -0.0320 -3.3331 -6.2478 -0.0810 -0.0531 -4.3461 -0.0570 -0.0110
ZINC000421701270  -0.0610 -0.0350 -0.2227 -0.0570 -0.0770 -3.6723 -0.7421 -0.0800 -0.0560 -2.1585 -21.6870 -0.1170 -0.0400 -0.0040 -0.0590 -1.3393 -0.5639 -0.6892 -5.7536 -0.0890 -0.0780 -1.2130 -1.1034 0.0220 -1.1081 -0.0120 -0.6872 -0.0030 0.0270 -0.3956 -0.0180 0.0080 -2.1344 -0.0230 -0.0020 -0.0010 -0.0410 0.0000 -0.0470 -0.0040 -0.0160 -0.0050 -0.0020 -0.0420 -0.0170 -0.0090 0.0010 -0.6372 -0.2251 -0.1030 -0.1730 -0.0630 -0.0510 -2.0957 -6.0683 -0.0950 -0.0720 -3.3243 -0.0830 -0.0180
ZINC000421710394  -0.0430 -0.3193 -0.5357 -0.0580 -1.3466 -4.4467 -0.3342 -0.0740 -0.5319 -3.1103 -6.9894 -0.0760 -0.0690 -0.0140 -0.3859 -1.5254 -0.2279 -1.0701 -4.9459 -0.0490 -0.0950 -1.3697 -2.2226 0.0410 -0.9052 -0.0100 -0.2841 -0.0060 0.0020 -0.1141 -0.0070 -0.0020 -0.4612 -0.0100 -0.0010 -0.0030 -0.0220 -0.0030 -0.0200 -0.0030 0.0000 -0.0040 -0.0020 -0.0140 -0.0090 -0.0060 0.0080 -0.1999 -0.0170 -0.1240 -0.3948 -0.1140 -0.0600 -2.9576 -8.3070 -0.0900 -0.0290 -4.1282 -0.0580 -0.0090
ZINC000421710406  -0.0840 -0.0587 -0.5914 -0.0520 -0.0880 -3.1212 -0.5593 -0.0690 -0.0370 -1.3421 -21.3945 -0.1150 -0.0650 0.0010 -0.0100 -1.2767 -0.7112 -1.0336 -5.7522 -0.0910 -0.0810 -0.4336 -1.2812 0.0317 -1.1820 -0.0130 -0.7167 -0.0030 0.0300 -0.4584 -0.0200 0.0110 -2.2754 -0.0230 -0.0010 -0.0000 -0.0500 0.0010 -0.0460 -0.0040 -0.0200 -0.0050 -0.0020 -0.0480 -0.0180 -0.0070 -0.0030 -0.7286 -0.2160 -0.1128 -0.1842 -0.0690 -0.0891 -2.3441 -6.0657 -0.0960 -0.4557 -5.3714 -0.0860 -0.0160
ZINC000423867812  -0.1730 -0.0460 0.3497 -0.0930 -0.0460 -2.6516 -1.7846 -0.0990 -0.0470 -2.1681 -15.6770 -0.0650 -0.0330 -0.0140 -0.0360 -0.2379 -0.5049 -0.1123 -4.9722 -0.0620 -0.0450 -0.1210 -1.4132 -0.0510 -0.5420 -0.0220 -0.6755 -0.0010 -0.0180 -0.6027 -0.0250 0.0310 -10.4441 -0.0470 -0.0050 0.0060 -0.2282 0.0040 -0.1244 -0.0040 -0.0850 -0.0060 0.0040 -0.2427 -0.0400 -0.0040 -0.0780 -1.0761 -0.5119 -0.1049 -0.2202 -0.0770 -0.0290 -1.1491 -4.8868 -0.0820 -0.0230 -5.9453 -0.1220 -0.0220
ZINC000426471156  -0.1174 -0.0440 -0.6231 -0.0910 -0.1100 -4.0848 -1.2117 -0.0930 -0.1130 -2.3515 -17.9709 -0.1210 -0.0630 -0.0130 -0.0650 -1.2951 -0.3912 -0.6639 -3.7029 -0.0440 -0.0850 -0.9208 0.4495 -0.1370 -1.1133 -0.0220 -1.1952 -0.0090 -0.0538 -1.0460 -0.0240 -0.0010 -4.1121 -0.0320 -0.0060 -0.0070 -0.0439 -0.0010 -0.0905 -0.0060 -0.0380 -0.0060 -0.0130 -0.1013 -0.0190 -0.0150 -0.0470 -0.8814 -0.7635 -0.0370 -0.1050 -0.0330 -0.0880 -3.8854 -4.3469 -0.0680 -0.1059 -7.0691 -0.0800 -0.0260
ZINC000426526480  -0.0892 -0.0310 -0.8235 -0.0460 -0.0210 -2.3135 -0.8604 -0.0840 -0.0160 -1.8922 -14.9538 -0.1490 -0.0440 -0.0230 -0.0360 -0.1517 -0.8107 -0.1146 -3.6375 -0.0770 -0.0430 -0.1420 -0.5723 -0.0310 -1.2915 -0.0300 -1.2557 -0.0130 -0.3054 -1.4188 -0.0340 -0.0120 -4.7333 -0.0420 -0.0080 -0.0150 -0.4872 -0.0040 -0.0824 -0.0080 -0.0410 -0.0090 -0.0290 -0.4781 -0.0410 -0.0210 -0.3702 -1.5695 -0.9738 -0.0920 -0.0500 -0.0330 -0.0540 -1.6447 -5.3263 -0.0700 -0.0200 -5.6345 -0.1210 -0.0350
ZINC000429522320  0.0150 -0.0780 -1.0783 -0.0280 -0.0670 -2.1921 -0.5692 -0.0460 -0.1120 -2.5525 -3.2734 -0.1090 -0.0870 -0.0290 -0.0350 -0.2994 -0.8349 -0.2854 -2.1296 -0.0693 -0.0600 -0.1604 -1.1061 -0.1000 -0.4717 -0.0400 -1.4701 -0.0040 -0.8239 -1.1344 -0.0440 0.0200 -7.7855 -0.0410 -0.0070 -0.0130 -0.5745 -0.0080 -0.0207 -0.0090 0.0130 -0.0090 -0.0280 -0.6105 -0.0480 -0.0150 -0.6823 -1.5688 -1.2652 -0.0520 -0.1655 -0.0390 -0.0870 -1.6106 -4.2301 -0.0740 -0.1430 -3.7797 -0.0690 -0.0270
ZINC000430847713  -0.2646 -0.0200 -2.4253 -0.0510 -0.0460 -2.7743 -0.5914 -0.0540 -0.0670 -1.5101 -5.5116 -0.1400 -0.0640 -0.0400 -0.0140 -0.0650 -0.2143 -0.0488 -3.7491 -0.0580 -0.0600 -0.0800 -1.6254 -0.0520 -1.2266 -0.0891 -2.0844 -0.0562 -1.3148 -2.3807 -0.0600 0.0044 -2.4072 -0.0710 -0.0110 -0.0100 -2.5295 -0.0190 -0.6309 -0.0100 -0.8279 -0.0150 -0.1092 -1.9790 -0.1250 -0.0130 -1.3355 -2.1805 -1.1509 -0.1327 -0.2060 -0.0960 -0.0200 -1.9705 -5.2752 -0.1310 -0.1090 -5.4376 -0.0940 -0.0924
ZINC000430988927  -0.1798 -0.0400 -2.0524 -0.0900 -0.0300 -2.7375 -1.4915 -0.1120 -0.0140 -1.7382 -16.9434 -0.1400 -0.0250 -0.0090 -0.0370 -0.1554 -0.5734 -0.1557 -4.2964 -0.0590 -0.0540 -0.1740 -0.4916 -0.0810 -1.0023 -0.0720 -1.3988 -0.0110 -0.9334 -1.8436 -0.0550 -0.0041 -6.5667 -0.0610 -0.0160 -0.0330 -1.0538 -0.0070 -0.1772 -0.0120 -0.1453 -0.0140 -0.1865 -1.3863 -0.0650 -0.0530 -1.6774 -1.6611 -1.1729 -0.0790 -0.2005 -0.0770 -0.0090 -2.0425 -6.5525 -0.0920 -0.0010 -6.0504 -0.1270 -0.0470
ZINC000433044150  -0.1244 -0.0520 -2.8051 -0.0610 -0.0260 -2.4070 -0.5952 -0.0690 -0.0580 -2.4648 -7.4199 -0.1020 -0.0710 -0.0270 -0.0410 -0.8991 -0.7046 -0.7463 -4.7463 -0.0570 -0.0830 -0.3361 -0.7158 -0.0760 -1.2172 -0.0620 -1.8657 -0.0120 -0.8618 -1.6260 -0.0370 0.0060 -3.2789 -0.0410 -0.0060 -0.0080 -0.4291 -0.0080 -0.1593 -0.0090 -0.1650 -0.0110 -0.1558 -1.6198 -0.0710 0.0020 -1.1659 -2.0038 -1.2803 -0.0840 -0.2446 -0.0890 -0.0020 -1.3079 -6.2937 -0.0810 0.0430 -8.4448 -0.0750 -0.0722
ZINC000435004139  -0.0826 -0.0360 -1.1221 -0.0310 -0.0720 -2.7586 -0.1826 -0.0290 -0.1610 -3.3268 -3.3499 -0.1150 -0.1300 -0.0290 -0.0796 -1.0502 -1.1935 -0.2093 -5.5674 -0.1024 -0.0710 -0.2480 -1.5016 0.0000 -1.4622 -0.0520 -1.1296 -0.0270 -1.3018 -1.4972 -0.0140 0.0233 -0.1880 -0.0270 -0.0040 -0.0090 -0.7181 -0.0100 -0.0620 -0.0090 -0.1090 -0.0080 -0.1228 -1.5419 -0.1240 0.0640 -3.7889 -1.0657 -0.9214 -0.1640 -0.2574 -0.1120 -0.0420 -2.3602 -10.1906 -0.1260 -0.0847 -6.0691 -0.1290 -0.0310
ZINC000436303801  -0.1749 -0.0625 -2.2192 -0.1120 -0.0710 -3.7110 -1.7902 -0.1180 -0.0870 -2.6887 -18.7324 -0.1230 -0.0760 -0.0170 -0.0430 -0.6222 -0.8612 -0.2210 -3.1657 -0.0560 -0.0550 -0.1010 -0.5971 -0.0600 -0.5916 -0.0300 -1.1463 -0.0070 -0.2951 -1.0790 -0.0320 0.0120 -7.1468 -0.0540 -0.0090 -0.0130 -0.5855 -0.0040 -0.1581 -0.0090 -0.0810 -0.0090 -0.0130 -0.3776 -0.0530 -0.0150 -0.3502 -1.5462 -0.8800 -0.0580 -0.0240 -0.0140 -0.0750 -1.6571 -4.0488 -0.0670 -0.0160 -5.0842 -0.1560 -0.0290
ZINC000439311985  -0.0830 -0.0150 -1.0705 -0.0330 -0.0310 -1.7893 -0.2397 -0.0470 -0.1100 -2.8852 -4.9768 -0.1318 -0.1030 -0.0350 -0.0540 -0.5427 -1.1767 -0.2375 -4.6662 -0.0726 -0.0710 -0.1200 -1.2915 -0.0410 -1.2585 -0.0640 -1.5560 -0.0438 -1.1959 -1.6324 -0.0610 -0.0706 0.3263 -0.0350 -0.0090 -0.0230 -0.6844 -0.0080 -0.0510 -0.0070 -0.0430 -0.0100 -0.0744 -0.3251 -0.0500 -0.0130 -0.6985 -0.7836 -0.9395 -0.1500 -0.2894 -0.1510 -0.0090 -1.4588 -7.6317 -0.1598 0.0000 -4.4102 -0.1250 -0.0210
ZINC000440321606  -0.1790 -0.0160 -0.8565 -0.0400 -0.0360 -2.1876 -0.3935 -0.0650 -0.0600 -2.0960 -11.8079 -0.1350 -0.0630 -0.0320 -0.0310 -0.4082 -0.6132 -0.2375 -4.1733 -0.0630 -0.0590 -0.1917 -0.6075 -0.0640 -1.0542 -0.0810 -1.3332 -0.0322 -0.0537 -1.9416 -0.0490 -0.1719 -2.7978 -0.0570 -0.0120 -0.0340 -1.6620 -0.0140 -0.2376 -0.0110 -0.2765 -0.0130 -0.3118 -1.2502 -0.0590 -0.0270 -1.1706 -1.5229 -1.0678 -0.0610 -0.1090 -0.0360 -0.0270 -2.0659 -5.0771 -0.0720 -0.0340 -6.9060 -0.1180 -0.0533
ZINC000446751851  -0.0090 -0.0430 -1.4729 -0.0380 -0.0630 -2.9561 -0.8895 -0.0620 -0.0170 -1.7441 -9.1427 -0.1200 -0.0450 -0.0230 -0.0280 -0.0990 -0.5036 -0.0892 -2.0397 -0.0450 -0.0470 -0.1250 -0.1533 -0.1530 -0.8429 -0.0410 -1.5737 -0.0020 -0.9206 -1.2725 -0.0470 0.0350 -9.1490 -0.0490 -0.0070 -0.0100 -0.4560 -0.0060 -0.0340 -0.0100 -0.0220 -0.0090 -0.0350 -1.0324 -0.0760 -0.0070 -0.9659 -1.7359 -1.2715 -0.0240 -0.0347 -0.0040 -0.0920 -0.8696 -3.8808 -0.0570 -0.1710 -4.3234 -0.0860 -0.0350
ZINC000448446275  -0.1673 -0.0300 -0.9257 -0.0610 -0.0450 -2.6397 -0.9460 -0.0600 -0.0410 -2.2351 -12.1984 -0.1090 -0.0390 -0.0290 -0.0500 -0.2026 -1.0418 -0.0793 -3.5980 -0.1132 -0.0490 -0.1661 -0.4777 -0.0760 -1.4283 -0.0380 -0.8621 -0.0809 -1.1124 -1.6120 -0.0866 -0.2691 -4.0305 -0.0360 -0.0370 -0.1110 -2.8939 -0.0140 -0.1305 -0.0200 -0.0961 -0.0380 -1.7893 -1.1544 -0.0685 -0.1830 -2.2683 -1.9141 -0.9794 -0.0510 -0.1860 -0.0520 -0.0320 -1.8766 -5.1762 -0.0740 0.0020 -6.2563 -0.1330 -0.0440
ZINC000450573233  -0.2084 -0.0060 -0.7314 -0.0360 -0.0770 -3.0142 -0.1719 -0.0270 -0.1470 -2.6561 -0.0876 -0.1010 -0.0840 -0.0280 -0.0270 -0.1860 -0.4275 -0.1305 -2.8078 -0.0510 -0.0560 -0.0900 -1.6816 -0.0070 -1.2866 -0.1060 -1.6195 -0.0430 0.7520 -1.8845 -0.0500 -0.2551 -1.8504 -0.0160 -0.0180 -0.0640 -0.4464 -0.0170 -0.1314 -0.0140 -0.2915 -0.0250 -0.8342 -3.0596 -0.0560 -0.0820 -1.5989 -2.0621 -1.0774 -0.1510 -0.2911 -0.1330 -0.0190 -1.5664 -10.3462 -0.1170 -0.0060 -5.8821 -0.1220 -0.0490
ZINC000451319844  -0.1123 -0.1317 -0.9112 -0.0520 -0.0850 -3.0922 -0.4347 -0.0450 -0.1260 -2.0996 -5.7378 -0.0940 -0.0790 -0.0200 -0.0510 -0.9601 -0.5270 -0.8175 -4.6728 -0.0400 -0.0810 -0.3364 -0.5747 -0.0810 -0.8020 -0.0320 -1.2147 -0.0110 -0.6082 -0.8880 -0.0300 0.0140 -4.9870 -0.0320 -0.0040 -0.0080 -0.2691 -0.0040 -0.0647 -0.0060 -0.0380 -0.0080 -0.0130 -0.1574 -0.0220 -0.0250 -0.1992 -0.9417 -0.8888 -0.0520 -0.1794 -0.0700 -0.0976 -2.1765 -6.4442 -0.1220 -0.4854 -7.0182 -0.1000 -0.0250
ZINC000452023252  -0.1095 -0.0260 -0.8527 -0.0460 -0.0410 -3.1394 -0.6365 -0.0690 -0.0400 -2.0014 -8.2294 -0.1230 -0.0740 -0.0270 -0.0360 -0.4608 -0.9729 -0.5502 -5.4685 -0.0920 -0.0650 -0.3426 -1.0728 -0.0350 -1.1883 -0.0270 -0.9675 -0.0110 -0.0989 -0.9807 -0.0190 -0.0120 -3.0337 -0.0270 -0.0040 -0.0110 -0.1441 -0.0030 -0.0822 -0.0060 -0.0470 -0.0070 -0.0150 -0.1917 -0.0290 -0.0140 -0.1030 -1.0316 -0.6720 -0.1070 -0.2204 -0.0960 -0.0360 -2.3215 -6.4735 -0.1210 -0.0240 -6.3888 -0.1120 -0.0250
ZINC000452107481  -0.0113 0.0230 -0.8534 -0.0360 -0.0130 -1.4659 -0.6084 -0.0910 -0.0300 -1.6703 -17.6956 -0.1360 -0.1070 -0.0270 -0.0190 -0.2562 -0.5741 -0.2533 -6.3849 -0.0690 -0.0780 -0.2300 -0.1026 -0.0811 -1.4416 -0.0140 -1.1358 -0.0020 -0.1107 -0.9697 -0.0230 -0.0010 -4.0213 -0.0360 -0.0060 -0.0150 -0.2277 -0.0060 -0.0420 -0.0090 0.0050 -0.0080 -0.0160 -0.2543 -0.0260 -0.0190 -0.0973 -0.9620 -0.7245 -0.0491 0.0281 0.0210 -0.1600 -1.5734 -7.1658 -0.1020 -0.1728 -5.3630 -0.1270 -0.0310
ZINC000453142034  -0.1350 -0.0240 -0.9681 -0.0640 -0.0240 -2.0469 -0.9636 -0.0770 -0.0060 -2.2411 -19.2855 -0.1020 -0.0340 -0.0200 -0.0360 -0.4268 -0.4271 -0.4402 -4.4173 -0.0630 -0.0580 -0.1679 -0.7705 -0.0330 -1.0653 -0.0450 -0.9327 -0.0290 -1.0149 -1.5430 -0.0220 -0.0660 -3.3163 -0.0300 -0.0090 -0.0220 -0.6885 -0.0040 -0.1040 -0.0090 -0.0950 -0.0100 -0.0831 -0.8935 -0.0690 -0.0150 -0.7234 -1.6787 -0.8947 -0.0980 -0.2055 -0.0880 -0.0190 -2.1074 -6.5741 -0.0995 0.0113 -4.3496 -0.1310 -0.0260
ZINC000453351921  -0.0550 -0.0290 -1.7023 -0.0400 -0.0640 -2.3429 -0.3945 -0.0630 -0.0170 -1.6190 -18.3084 -0.1340 -0.0260 -0.0080 -0.0230 -0.1616 -0.2311 -0.3854 -3.5667 -0.0480 -0.0690 -0.2986 -1.2984 -0.0452 -0.8978 -0.0410 -0.8530 0.0020 -0.3090 -0.8156 -0.0300 0.0410 -1.5924 -0.0430 -0.0020 0.0020 -0.8845 -0.0050 -0.1361 -0.0060 -0.0450 -0.0070 -0.0160 -0.4593 -0.0550 0.0080 -0.4336 -0.9061 -0.2299 -0.1515 -0.1061 -0.0530 -0.0610 -2.0835 -4.6005 -0.0800 -0.0760 -5.0109 -0.0840 -0.0230
ZINC000453607577  -0.0285 -0.0410 -0.8267 -0.0440 -0.0520 -2.5629 -1.7129 -0.0870 -0.0400 -1.9255 -14.1830 -0.0950 -0.0220 -0.0100 -0.0220 -0.0700 -0.2262 -0.0595 -2.6430 -0.0330 -0.0460 -0.1000 -0.1443 -0.0750 -0.9366 -0.0440 -0.8204 -0.0430 -1.6092 -1.2543 -0.0380 -0.0017 -5.9007 -0.0430 -0.0070 -0.0140 -0.9416 -0.0090 -0.0647 -0.0080 -0.0795 -0.0100 -0.0535 -1.3208 -0.0610 -0.0320 -0.8593 -1.6783 -1.1587 -0.0370 -0.0590 -0.0330 -0.0720 -2.5363 -4.2141 -0.0790 -0.1060 -4.6522 -0.0970 -0.0300
ZINC000464767692  -0.0669 0.0010 -1.2430 -0.0390 -0.0530 -1.7059 -0.8838 -0.0830 -0.1210 -2.3018 -5.9777 -0.2060 -0.2470 -0.2060 -0.0240 -0.3054 -1.1837 -0.1994 -2.4719 -0.0760 -0.0550 -0.1210 0.2616 -0.3486 -0.9677 -0.0450 -1.9353 0.0130 -0.5335 -1.4782 -0.0460 0.0470 -6.9579 -0.0710 -0.0130 -0.0220 -1.1046 -0.0110 -0.1102 -0.0120 -0.0736 -0.0100 -0.0374 -1.2913 -0.0910 -0.0020 -0.8813 -1.7983 -1.1343 -0.0550 -0.0070 0.0110 -0.0930 -1.4300 -4.9246 -0.0510 -0.0830 -4.4000 -0.1340 -0.0460
ZINC000466933503  -0.1557 -0.0520 -0.7625 -0.0860 -0.0660 -3.8668 -0.8124 -0.1050 -0.0490 -2.2980 -14.9843 -0.1520 -0.0740 -0.0270 -0.0630 -1.1383 -1.0419 -0.7185 -4.7352 -0.0950 -0.0520 -0.1878 -0.6651 -0.0580 -1.2444 -0.0240 -0.7554 -0.0080 -0.1783 -0.9060 -0.0310 0.0050 -5.7378 -0.0490 -0.0070 -0.0140 -0.4449 -0.0030 -0.1312 -0.0080 -0.0820 -0.0100 -0.0160 -0.3113 -0.0450 -0.0170 -0.2396 -1.5396 -0.5516 -0.0750 -0.0910 -0.0400 -0.0810 -1.3391 -4.1900 -0.0900 -0.0240 -5.8598 -0.1540 -0.0320
ZINC000468894194  -0.0900 -0.0010 -0.7789 -0.0510 -0.0790 -2.0442 -0.2583 -0.0700 -0.1340 -3.4292 -6.7570 -0.1490 -0.0640 -0.0180 -0.0850 -1.4187 -1.3472 -0.4531 -5.3205 -0.1064 -0.0650 -0.1540 -2.3560 0.0430 -1.5638 -0.0470 -1.4952 -0.0310 -1.4901 -1.7727 -0.0580 -0.0309 -6.3805 -0.0660 -0.0120 -0.0150 -0.5134 -0.0060 -0.1338 -0.0090 -0.2313 -0.0130 -0.2968 -1.3273 -0.0560 -0.0400 -1.1360 -1.6454 -0.9569 -0.1880 -0.4126 -0.1380 0.0130 -1.6553 -10.2809 -0.1140 -0.0255 -3.4902 -0.0880 -0.0430
ZINC000472356611  -0.0843 -0.0310 -3.2992 -0.0460 -0.0430 -2.3961 -0.3974 -0.0550 -0.0800 -2.2562 -6.3529 -0.1230 -0.0770 -0.0270 -0.0500 -0.6346 -0.6353 -0.2829 -4.2116 -0.0550 -0.0780 -0.1500 -1.4440 -0.0540 -1.2140 -0.0560 -1.5211 -0.0390 -0.6509 -1.5450 -0.0640 -0.1783 -4.0563 -0.0410 -0.0120 -0.0270 -1.3402 -0.0110 -0.1377 -0.0080 -0.1109 -0.0120 -0.2215 -1.0195 -0.0460 -0.0370 -1.2286 -1.9986 -0.9316 -0.1080 -0.2620 -0.0900 0.0020 -2.2326 -6.8595 -0.0980 -0.0220 -5.3208 -0.0840 -0.0662
ZINC000473272986  -0.2043 -0.0190 -0.8534 -0.0530 -0.0420 -2.0739 -0.5589 -0.0760 -0.0640 -2.0464 -17.7531 -0.1570 -0.0700 -0.0210 -0.0460 -1.2893 -0.6055 -0.9311 -5.0319 -0.0490 -0.0840 -0.3448 -1.1457 -0.0400 -1.3580 -0.0610 -1.7085 -0.0280 -1.0402 -1.7761 -0.0440 -0.0908 -3.3036 -0.0370 -0.0140 -0.0360 -2.1366 -0.0100 -0.1822 -0.0110 -0.3719 -0.0190 -0.2390 -0.9610 -0.0280 -0.0730 -0.9515 -1.9155 -1.4160 -0.0734 -0.1580 -0.0440 -0.0230 -1.5775 -5.6059 -0.0680 -0.0441 -5.2897 -0.0900 -0.0511
ZINC000480785335  -0.1231 -0.0380 -1.8196 -0.0740 -0.0590 -1.9899 -0.3906 -0.0810 -0.0820 -1.4006 -21.2242 -0.1210 -0.0620 -0.0210 -0.0933 -1.4332 -1.1303 -0.7761 -5.1741 -0.0820 -0.0820 -0.6484 -0.7816 -0.0810 -1.1440 -0.0550 -1.2484 -0.0150 -0.8903 -1.3460 -0.0450 -0.0050 -4.1167 -0.0420 -0.0070 -0.0140 -0.4097 -0.0030 -0.0973 -0.0080 -0.0410 -0.0100 -0.0380 -0.1541 -0.0240 -0.0260 -0.3384 -1.5579 0.3163 -0.0730 -0.2141 -0.0630 -0.0720 -2.7540 -5.9780 -0.0830 -0.0620 -4.3907 -0.0950 -0.0290
ZINC000481989921  -0.0530 0.0100 -0.5935 -0.0470 -0.1210 -3.6450 -0.6483 -0.0550 -0.1650 -1.8475 -4.3100 -0.1660 -0.1130 -0.0350 -0.0620 -0.8924 -1.0946 -0.4083 -3.1672 -0.0262 -0.0710 -0.1781 -0.0821 -0.1330 -1.2316 -0.0400 -1.7240 0.0060 -1.2632 -1.9067 -0.0670 0.0592 -8.7486 -0.0700 -0.0130 -0.0170 -1.1418 -0.0100 -0.0776 -0.0110 -0.0850 -0.0100 -0.0876 -1.3632 -0.0930 -0.0130 -1.3774 -1.8603 -1.1556 -0.0200 -0.0350 -0.0090 -0.0930 -2.5786 -3.5540 -0.0660 -0.0790 -4.3445 -0.1300 -0.0320
ZINC000500192494  -0.2673 -0.0480 -1.1403 -0.0710 -0.0430 -3.4083 -0.6510 -0.0670 -0.0510 -2.2433 -9.0011 -0.0780 -0.0570 -0.0310 -0.0270 -0.2672 -0.4687 -0.1772 -4.2839 -0.0680 -0.0640 -0.1230 -1.2482 -0.0860 -1.4838 -0.0530 -1.5123 -0.0240 -0.8637 -1.6343 -0.0360 -0.0689 -2.6586 -0.0360 -0.0120 -0.0240 -1.0685 -0.0060 -0.1666 -0.0080 -0.2220 -0.0130 -0.1002 -1.3266 -0.0700 -0.0410 -0.9127 -1.8805 -1.0097 -0.1050 -0.3651 -0.1070 -0.0000 -1.4657 -6.0142 -0.0940 0.0650 -10.0292 -0.1560 -0.0370
ZINC000501775665  -0.1711 -0.0490 -1.2162 -0.0430 -0.0460 -2.8626 -0.3933 -0.0370 -0.1150 -1.8536 -4.2361 -0.0950 -0.0630 -0.0260 -0.0290 -0.2380 -0.4570 -0.3352 -4.9074 -0.0840 -0.0470 -0.1812 -1.1486 -0.0270 -0.9794 -0.0360 -1.2992 -0.0150 -0.6209 -1.4380 -0.0290 -0.0250 -3.1001 -0.0320 -0.0070 -0.0170 -0.6322 -0.0050 -0.1078 -0.0080 -0.1215 -0.0110 -0.0400 -0.7609 -0.0540 -0.0230 -0.5032 -1.2934 -1.0225 -0.1290 -0.2440 -0.0980 0.0030 -1.5072 -8.0621 -0.1060 0.0410 -8.4027 -0.1530 -0.0390
ZINC000507809396  0.0077 -0.0340 -2.2686 -0.0120 -0.0770 -3.4547 -0.5902 -0.0540 -0.0780 -2.3008 -15.2381 -0.0900 -0.0460 -0.0150 -0.0560 -1.3798 -0.5257 -0.7850 -4.5945 -0.0510 -0.0770 -0.1450 -0.3676 -0.0710 -0.3213 -0.0290 -0.9301 -0.0100 -0.2203 -0.7005 -0.0150 -0.0220 -1.1102 -0.0100 -0.0040 -0.0160 -0.0568 -0.0110 -0.0003 -0.0070 0.0090 -0.0070 -0.0270 -0.1787 -0.0220 -0.0130 -0.2315 -1.3413 -0.7936 -0.0800 -0.1450 -0.0590 -0.0390 -1.9915 -6.2030 -0.0850 -0.0370 -6.0436 -0.0800 -0.0190
ZINC000508455082  -0.0571 -0.0330 -1.5695 -0.0360 -0.0660 -2.9006 -0.3869 -0.0440 -0.1010 -2.7603 -10.9521 -0.0890 -0.0590 -0.0190 -0.0210 -0.1789 -0.6611 -0.1287 -3.2188 -0.0391 -0.0270 -0.0770 -0.1729 -0.1040 -1.1307 -0.0390 -1.1128 -0.0230 -0.7010 -1.2189 -0.0220 -0.0550 -1.3371 -0.0140 -0.0060 -0.0190 -0.4762 -0.0110 -0.0918 -0.0060 -0.1030 -0.0070 -0.0770 -0.5652 -0.0140 -0.0300 -0.4289 -1.3252 -1.1092 -0.0240 -0.1241 -0.0120 -0.0620 -1.2105 -4.4895 -0.0329 -0.2085 -2.5513 -0.0040 -0.0450
ZINC000508475661  -0.0540 -0.0370 -1.1114 -0.0400 -0.0620 -2.6872 -0.4934 -0.0420 -0.1310 -3.1176 -8.7130 -0.0850 -0.0930 -0.0220 -0.0330 -0.6620 -1.0004 -0.5229 -3.0954 -0.0344 -0.0370 -0.1496 0.2465 -0.1160 -1.0479 -0.0270 -0.7040 -0.0210 -0.4743 -1.0163 -0.0140 -0.0620 -0.7828 -0.0080 -0.0070 -0.0210 -0.5385 -0.0090 -0.0560 -0.0060 -0.0391 -0.0060 -0.0510 -0.4841 -0.0110 -0.0270 -0.2863 -1.2076 -0.6868 -0.0068 -0.0164 -0.0180 -0.0900 -2.1512 -0.6538 -0.0666 -0.1551 -4.3584 -0.0300 -0.0260
ZINC000512182007  -0.0883 -0.0360 -0.6239 -0.0540 -0.0570 -2.1420 -0.8521 -0.0770 -0.1730 -3.5252 -11.9166 -0.0960 -0.1620 -0.0400 -0.1278 -0.9270 -1.5191 -1.0761 -5.5606 -0.0890 -0.0790 -0.3473 -0.3098 -0.0970 -0.9877 -0.0150 -0.8638 -0.0020 -0.1840 -1.0949 -0.0260 -0.0050 -5.5962 -0.0450 -0.0090 -0.0190 -0.5482 -0.0060 -0.0837 -0.0100 -0.0370 -0.0090 -0.0210 -0.4625 -0.0320 -0.0270 -0.1716 -1.4290 -0.5894 -0.0666 -0.2288 -0.0620 -0.0490 -1.5074 -4.1867 -0.0960 -0.0830 -6.1221 -0.1340 -0.0370
ZINC000513818302  -0.1180 -0.0750 -2.1180 -0.0840 -0.0260 -2.8364 -1.5282 -0.1110 0.0160 -1.8419 -25.8921 -0.1780 -0.0090 0.0020 -0.0450 -0.4732 -0.8581 -0.2740 -4.7912 -0.0660 -0.0770 -0.1410 -1.2563 0.0110 -1.2157 -0.0520 -1.0696 -0.0379 0.2681 -1.5454 -0.0737 -0.1614 -4.5027 -0.0470 -0.0210 -0.0490 -1.3733 -0.0080 -0.1255 -0.0110 -0.1018 -0.0150 -0.3818 -1.2999 -0.0560 -0.0510 -1.0433 -1.3300 -0.8677 -0.1010 -0.1933 -0.0470 -0.0140 -1.8618 -6.2342 -0.0470 -0.1180 -4.3962 -0.0290 -0.0380
ZINC000516964180  -0.0869 0.0020 -0.7877 -0.0680 -0.1310 -3.4344 -0.6643 -0.0900 -0.1370 -3.4016 -16.4509 -0.1170 -0.0930 -0.0140 -0.0860 -1.8367 -1.3249 -0.8130 -4.9606 -0.0850 -0.0910 -0.9928 0.0612 -0.0722 -1.5241 -0.0150 -0.9162 -0.0020 0.0190 -0.7570 -0.0230 0.0090 -4.2735 -0.0330 -0.0030 -0.0050 -0.1100 -0.0010 -0.0630 -0.0060 -0.0270 -0.0070 -0.0060 -0.1345 -0.0250 -0.0120 -0.0270 -1.1816 -0.4482 -0.0850 -0.1800 -0.0780 -0.0440 -3.8503 -6.3415 -0.1060 -0.0469 -4.8448 -0.1020 -0.0250
ZINC000517634594  -0.2266 -0.0210 0.3325 -0.0530 -0.0630 -3.1278 -0.9428 -0.0410 -0.0690 -2.6322 -16.2644 -0.1290 -0.0240 -0.0100 -0.0230 -0.1359 -0.2600 -0.1719 -3.1585 -0.0340 -0.0610 -0.0880 -0.5526 -0.0400 -0.7347 -0.0500 -1.1685 -0.0530 -1.0041 -1.3698 -0.0720 -0.2137 -5.3290 -0.0470 -0.0140 -0.0250 -1.8441 -0.0030 -0.1828 -0.0070 -0.2270 -0.0160 -0.3507 -1.2014 -0.1080 -0.0490 -1.8084 -1.1115 -1.3468 -0.0760 -0.1030 -0.0650 -0.0390 -2.3411 -5.1344 -0.0940 0.0310 -6.5602 -0.1720 -0.0180
ZINC000518003593  -0.0720 -0.0640 -0.9447 -0.0500 -0.0880 -3.0243 -0.3653 -0.0470 -0.1280 -1.8696 -12.0202 -0.1110 -0.0860 -0.0220 -0.0670 -0.9960 -0.7686 -0.9962 -4.9521 -0.0310 -0.0860 -0.7819 -0.2076 -0.0800 -0.9397 -0.0370 -1.2501 -0.0130 -0.4804 -1.3541 -0.0250 -0.0220 -1.5432 -0.0230 -0.0060 -0.0180 -0.5705 -0.0060 -0.0584 -0.0070 -0.0279 -0.0080 -0.0270 -0.2607 -0.0220 -0.0230 -0.2464 -0.8589 -0.8232 -0.0870 -0.2517 -0.0840 -0.0660 -2.3116 -7.6265 -0.0920 -0.2126 -5.4916 -0.0720 -0.0220
ZINC000520440291  -0.1926 -0.0480 -1.5911 -0.0530 -0.0410 -2.9802 -0.8284 -0.0810 -0.0660 -2.3822 -10.2257 -0.1800 -0.0110 -0.0210 -0.0600 -0.4544 -1.1775 -0.3201 -3.3706 -0.0530 -0.0510 -0.1280 -0.4337 -0.0360 -0.7579 -0.0310 -1.1580 -0.0160 -0.5734 -1.1002 -0.0530 -0.0560 -3.3960 -0.0410 -0.0140 -0.0380 -0.7479 -0.0090 -0.1363 -0.0120 -0.1469 -0.0130 -0.0740 -0.9121 -0.0520 -0.0430 -0.4532 -1.6081 -0.6363 -0.0840 -0.0770 -0.0750 -0.0530 -2.3246 -6.0119 -0.1215 -0.0025 -4.8851 -0.1560 -0.0500
ZINC000525245955  -0.1855 -0.0530 -1.2149 -0.0900 -0.0360 -2.3032 -1.4016 -0.1090 0.0020 -1.8346 -16.3795 -0.1430 -0.0250 -0.0150 -0.0190 -0.0730 -0.3163 -0.1101 -3.3698 -0.0580 -0.0480 -0.1574 -0.7301 -0.0480 -0.8961 -0.0500 -1.7264 -0.0070 -1.2116 -1.9064 -0.0530 0.0070 -6.0210 -0.0770 -0.0140 -0.0120 -0.5021 -0.0030 -0.1788 -0.0070 -0.1181 -0.0100 -0.0260 -0.6185 -0.0700 -0.0140 -0.7045 -1.3374 -0.7634 -0.0930 -0.1052 -0.0290 -0.0460 -1.7458 -4.4571 -0.0440 -0.0720 -4.3044 -0.1320 -0.0300
ZINC000526962900  -0.1171 -0.0780 -2.1479 -0.0380 -0.0470 -3.3508 -0.4518 -0.0560 -0.0210 -2.0784 -18.3562 -0.1020 -0.0230 -0.0180 -0.0700 -1.6477 -0.7942 -0.6642 -4.5191 -0.0850 -0.0590 -0.2088 -0.5827 -0.0460 -0.7160 -0.0500 -1.1128 -0.0410 -1.0122 -1.6008 -0.0400 -0.0747 2.1086 -0.0050 -0.0070 -0.0360 -0.6088 -0.0150 -0.0821 -0.0080 -0.0760 -0.0130 -0.0975 -0.5089 -0.0630 -0.0430 -0.9619 -0.7962 -1.2145 -0.0520 -0.1260 -0.0520 -0.0350 -2.1160 -4.6856 -0.0670 -0.0210 -7.3291 -0.1000 -0.0320
ZINC000528002641  -0.1093 -0.0480 -0.5635 -0.0590 -0.0470 -2.4648 -1.1200 -0.0830 0.0080 -1.5089 -20.8529 -0.1360 -0.0040 -0.0150 -0.0590 -0.8004 -0.7285 -0.4420 -5.2769 -0.0760 -0.0690 -0.1380 -1.2079 -0.0307 -0.9690 -0.0730 -1.3409 -0.0120 -1.0682 -2.0730 -0.0440 0.0120 -6.8866 -0.0590 -0.0080 -0.0010 -1.0811 0.0000 -0.1099 -0.0050 -0.0770 -0.0090 -0.0256 -0.4188 -0.0360 -0.0200 -0.5775 -1.1982 -1.0420 -0.1080 -0.2054 -0.0800 -0.0280 -1.4376 -6.5643 -0.0940 -0.0506 -3.9454 -0.0800 -0.0210
ZINC000531059007  -0.0574 -0.0360 -0.7817 -0.0310 -0.0640 -2.3822 -0.7109 -0.0720 -0.0290 -2.3416 -19.0899 -0.1460 -0.0310 -0.0230 -0.0830 -0.5717 -1.6183 -0.2008 -3.9406 -0.0919 -0.0530 -0.1260 -0.4829 -0.0420 -1.2956 -0.0390 -1.1633 -0.0371 -1.2840 -1.5399 -0.0643 -0.0214 -5.1131 -0.0500 -0.0120 -0.0310 -1.8228 -0.0110 -0.0590 -0.0120 -0.0770 -0.0140 -0.1831 -1.3062 -0.0830 -0.0520 -1.1277 -1.8995 -1.0640 -0.0650 -0.0480 -0.0290 -0.0830 -1.2453 -5.2350 -0.0760 -0.0830 -3.3125 -0.1370 -0.0350
ZINC000532978237  -0.1625 -0.0810 -1.7375 -0.0710 -0.0130 -2.3407 -1.2801 -0.0900 0.0230 -1.9499 -18.7742 -0.1110 0.0220 -0.0010 -0.0630 -0.5598 -0.8749 -0.3336 -3.2300 -0.0630 -0.0550 -0.1914 -0.4721 -0.0230 -0.8282 -0.0340 -0.7992 -0.0170 -0.7308 -1.0766 -0.0370 -0.0350 -3.3048 -0.0370 -0.0120 -0.0260 -0.5084 -0.0060 -0.1468 -0.0100 -0.1810 -0.0120 -0.1064 -1.2883 -0.0580 -0.0390 -0.5905 -1.6809 -0.7323 -0.1010 -0.1860 -0.0870 -0.0290 -2.5761 -4.1824 -0.1177 -0.0613 -7.0262 -0.1270 -0.0530
ZINC000533478938  -0.2028 -0.0220 -1.3130 -0.0430 -0.1220 -3.0193 -0.1482 -0.0300 -0.1210 -2.1754 -2.9489 -0.1300 -0.0480 -0.0220 -0.0380 -0.2195 -0.2238 -0.2344 -5.6825 -0.0730 -0.0570 -0.2712 -2.1350 0.0011 -0.3570 -0.0760 -1.7468 -0.0562 -0.3414 -2.0974 -0.0684 -0.1919 -2.3735 -0.0260 -0.0190 -0.0730 -4.4854 -0.0170 -0.1271 -0.0130 -0.2934 -0.0260 -0.4053 -2.3012 -0.0600 -0.1120 -2.2693 -1.9166 -0.9858 -0.1426 -0.2780 -0.0960 -0.0060 -0.2014 -6.5253 -0.0950 -0.0250 -5.8300 -0.1260 -0.0460
ZINC000534109220  -0.0070 -0.0460 -1.8866 -0.0330 -0.0450 -3.0869 -0.3899 -0.0700 -0.0850 -2.8351 -12.8734 -0.1760 -0.0910 -0.0280 -0.0760 -0.9105 -1.3871 -0.4414 -3.5826 -0.0762 -0.0590 -0.1120 -1.6136 0.0495 -2.0778 -0.0380 -0.9852 -0.0140 -0.4868 -1.7190 -0.0350 -0.0300 -1.5643 -0.0260 -0.0050 -0.0210 -0.4403 -0.0080 -0.0416 -0.0080 0.0275 -0.0080 -0.0450 -0.2905 -0.0180 -0.0150 -0.2441 -0.9986 -0.6607 -0.1580 -0.2206 -0.1170 -0.0310 -1.6219 -8.2025 -0.1335 -0.0577 -3.8917 -0.0610 -0.0310
ZINC000536865847  -0.0935 -0.0780 -2.5396 -0.0680 -0.0300 -3.4879 -0.9040 -0.0850 0.0740 -1.9678 -22.5637 -0.1390 0.0540 -0.0010 -0.0490 -0.4357 -0.5027 -0.4028 -5.1177 -0.0820 -0.0630 -0.1763 -1.3738 -0.0370 -0.4672 -0.0700 -1.6948 -0.0500 -1.5755 -1.9079 -0.0710 -0.0783 -3.6720 -0.0440 -0.0120 -0.0280 -1.5608 -0.0090 -0.1213 -0.0090 -0.1249 -0.0130 -0.1151 -1.1577 -0.0420 -0.0500 -0.8047 -2.0531 -1.0507 -0.0800 -0.1561 -0.0610 -0.0440 -2.1372 -5.6313 -0.1151 -0.0817 -3.9696 -0.0980 -0.0500
ZINC000542825037  -0.2133 -0.0560 -1.9388 -0.1030 -0.0300 -2.4643 -2.0797 -0.1290 0.0160 -1.8252 -30.6409 -0.1570 -0.0050 -0.0030 -0.0610 -0.7549 -0.9288 -0.4667 -5.2473 -0.0600 -0.0800 -0.1833 -1.3200 0.0010 -1.1393 -0.0490 -0.9918 -0.0570 -1.5540 -1.3356 -0.0540 -0.0740 -6.1042 -0.0590 -0.0150 -0.0210 -1.1982 -0.0060 -0.2484 -0.0090 -0.3450 -0.0120 -0.2010 -2.2196 -0.0800 -0.0350 -1.0348 -1.7826 -1.0175 -0.1000 -0.1719 -0.0510 -0.0310 -1.5368 -6.6944 -0.0550 -0.0660 -6.9919 -0.0570 -0.0490
ZINC000544117725  0.0315 -0.0450 -2.5789 -0.0510 -0.0820 -3.1114 -0.3046 -0.0610 -0.0990 -3.5611 -6.8510 -0.0940 -0.0740 -0.0400 -0.0390 -1.5400 -0.2512 -0.8841 -5.1803 -0.0690 -0.0740 -0.3298 -0.6211 -0.1610 -1.2083 -0.0420 -1.4742 -0.0170 -0.8583 -1.3014 -0.0370 -0.0900 -2.8857 -0.0220 -0.0170 -0.0700 -3.2559 -0.0210 -0.1947 -0.0210 -0.1763 -0.0170 -0.2314 -1.3725 -0.0650 -0.0390 -1.0484 -1.7011 -1.0934 -0.0920 -0.2179 -0.0640 -0.0260 -2.1364 -5.0093 -0.0870 -0.0170 -5.7658 -0.1100 -0.0670
ZINC000548355486  -0.0692 -0.0370 -1.7834 -0.0240 -0.0440 -2.8652 -0.4443 -0.0390 -0.0430 -1.8775 -10.5228 -0.1070 -0.0390 -0.0290 -0.0350 -0.2697 -0.5063 -0.1585 -4.4317 -0.0590 -0.0590 -0.1310 -0.9817 -0.0310 -1.2708 -0.0470 -1.0486 -0.0390 -1.1553 -1.4979 -0.0360 -0.0840 -5.2732 -0.0300 -0.0090 -0.0350 -1.2000 -0.0140 -0.0868 -0.0110 -0.0742 -0.0130 -0.1370 -1.0070 -0.0520 -0.0380 -1.0258 -1.8644 -1.0807 -0.0900 -0.1769 -0.0670 -0.0120 -1.2861 -6.2457 -0.0890 -0.0270 -6.5562 -0.1110 -0.0370
ZINC000549824186  -0.0670 -0.0320 -0.4271 -0.0440 -0.0350 -2.6252 -0.6026 -0.0610 -0.0510 -1.9130 -8.6090 -0.0940 -0.0630 -0.0230 -0.0390 -1.3622 -0.5207 -0.6107 -5.1290 -0.0690 -0.0750 -0.2174 -1.5589 -0.0520 -1.4619 -0.0220 -0.9813 -0.0220 -0.2975 -0.9620 -0.0150 -0.0290 -2.2512 -0.0190 -0.0040 -0.0080 -0.1737 -0.0020 -0.0450 -0.0050 -0.0280 -0.0060 -0.0190 -0.2292 -0.0240 -0.0270 -0.0977 -1.2170 -0.8577 -0.0996 -0.2896 -0.0820 0.0130 -1.4900 -6.0935 -0.0810 0.0010 -7.3356 -0.1000 -0.0210
ZINC000550423124  -0.1101 -0.0350 -0.4496 -0.0690 -0.0480 -3.2054 -1.0630 -0.0820 -0.0470 -2.3438 -17.2854 -0.1350 -0.0270 -0.0220 -0.0410 -0.1424 -0.8167 -0.0755 -3.2994 -0.0570 -0.0560 -0.1090 -0.4126 -0.0440 -0.9806 -0.0490 -1.3271 -0.0362 -1.4576 -1.8911 -0.0594 -0.0700 -4.9193 -0.0500 -0.0140 -0.0270 -0.7086 -0.0060 -0.1093 -0.0080 -0.0490 -0.0110 -0.0932 -0.3851 -0.0350 -0.0390 -0.9119 -1.3146 -1.1920 -0.0680 -0.1040 -0.0470 -0.0530 -1.9683 -5.5008 -0.0810 -0.0560 -6.1070 -0.0990 -0.0320
ZINC000556573026  -0.0502 -0.0740 -1.0686 -0.0280 -0.1030 -2.5596 -0.5151 -0.0400 -0.0010 -2.2954 -9.0429 -0.1080 -0.0210 -0.0200 -0.0420 -0.1047 -1.0828 -0.0700 -2.5418 -0.1107 -0.0460 -0.1170 -1.0124 -0.0890 0.2101 -0.0270 -0.8960 -0.0020 -0.1288 -0.8518 -0.0260 0.0250 -7.0556 -0.0280 -0.0030 -0.0040 -0.4097 -0.0050 -0.0330 -0.0070 -0.0560 -0.0070 0.0040 -0.6374 -0.0690 0.0030 -0.4949 -1.5883 -0.8540 -0.0840 -0.1417 -0.0540 -0.0870 -0.7575 -5.3734 -0.1100 -0.1916 -4.2318 -0.1360 -0.0190
ZINC000559413424  -0.1353 -0.0320 -1.8779 -0.0250 -0.0440 -2.7730 -0.5342 -0.0210 -0.0420 -1.1496 -8.9509 -0.0960 -0.0330 -0.0230 -0.0190 -0.0847 -0.1608 -0.0763 -4.0575 -0.0550 -0.0590 -0.1162 -1.5819 -0.0300 -1.1464 -0.0550 -1.4087 -0.0310 -1.1428 -1.3642 -0.0340 -0.1577 0.3975 -0.0030 -0.0160 -0.0560 -1.3899 -0.0190 -0.1525 -0.0130 -0.3722 -0.0160 -0.2817 -1.8873 -0.0680 -0.0450 -1.0186 -2.0459 -1.0924 -0.0951 -0.1973 -0.0640 -0.0150 -1.8361 -6.0373 -0.0950 -0.0320 -6.5455 -0.1130 -0.0553
ZINC000567338231  -0.0795 -0.0280 -2.7229 -0.0500 -0.0430 -2.1739 -0.4900 -0.0710 -0.0340 -1.9697 -17.8958 -0.1480 -0.0480 -0.0150 -0.0500 -1.2520 -0.7607 -1.2482 -5.5503 -0.0690 -0.0850 -0.4545 -1.5447 -0.0290 -1.2672 -0.0540 -1.3497 -0.0110 -0.9193 -1.3324 -0.0420 -0.0070 -3.4352 -0.0390 -0.0070 -0.0110 -1.9549 -0.0090 -0.1283 -0.0080 -0.1064 -0.0100 -0.1504 -1.2700 -0.0510 -0.0140 -0.9226 -1.7467 -1.0595 -0.1200 -0.2185 -0.0740 -0.0150 -2.1498 -6.5067 -0.0720 -0.0240 -6.1866 -0.0760 -0.0570
ZINC000571080072  -0.1480 -0.0600 -1.7381 -0.0950 -0.0360 -2.1948 -1.4789 -0.1220 0.0060 -1.8521 -29.2221 -0.1830 0.0070 0.0060 -0.0650 -0.7514 -1.0286 -0.2654 -4.7985 -0.0730 -0.0520 -0.1140 -1.4796 0.0450 -1.2366 -0.0560 -1.4129 -0.0118 0.0701 -1.6791 -0.0630 0.0569 -8.1690 -0.0690 -0.0110 -0.0190 -1.4022 -0.0020 -0.1681 -0.0120 -0.0587 -0.0140 -0.2769 -0.7127 -0.0140 -0.0320 -0.6143 -1.7082 -1.0373 -0.1290 -0.0693 -0.0310 -0.0590 -1.5965 -5.2969 -0.0530 -0.0300 -5.1530 -0.1120 -0.0530
ZINC000574285278  -0.1058 -0.0330 -2.2662 -0.0780 -0.0360 -2.9089 -0.8344 -0.1020 0.0160 -1.2357 -20.7940 -0.1910 0.0170 0.0160 -0.0190 -0.0540 -0.1941 -0.0550 -2.8016 -0.0360 -0.0600 -0.1070 -1.1561 -0.0190 -0.9196 -0.0500 -1.2072 -0.0468 -0.1938 -1.8009 -0.1141 -0.3523 -7.1624 -0.0740 -0.0190 -0.0380 -1.6893 -0.0070 -0.1839 -0.0100 -0.0893 -0.0180 -0.6507 -0.7620 -0.0310 -0.0580 -1.2406 -1.5488 -0.7404 -0.0950 -0.0953 -0.0510 -0.0350 -1.7717 -5.0873 -0.0943 -0.0310 -5.1114 -0.1480 -0.0530
ZINC000574318236  -0.2610 -0.0470 -0.9721 -0.0660 -0.0760 -3.0788 -0.8010 -0.0800 -0.1280 -3.0591 -11.2837 -0.1220 -0.1200 -0.0250 -0.0402 -1.8693 -1.0056 -0.9159 -4.5136 -0.1170 -0.0610 -0.2040 -0.6241 -0.0450 -0.9811 -0.0320 -1.5857 0.0020 -0.2732 -0.8034 -0.0340 0.0100 -6.7243 -0.0490 -0.0080 -0.0100 -0.0581 -0.0020 -0.1330 -0.0070 -0.1475 -0.0090 -0.0060 -0.5106 -0.0650 -0.0060 -0.3084 -1.5550 -0.4676 -0.1160 -0.0870 -0.0530 -0.0440 -1.5332 -4.8913 -0.0830 0.0090 -5.0797 -0.1700 -0.0300
ZINC000574654702  -0.1553 -0.0832 -1.3673 -0.0670 -0.0760 -4.1331 -0.8943 -0.0880 -0.0420 -1.4361 -7.8566 -0.1510 -0.0310 -0.0080 -0.0400 -0.8578 -0.2397 -0.5362 -3.7867 -0.0610 -0.0690 -0.2952 -1.0599 -0.0260 -1.3358 -0.0550 -1.5160 -0.0310 -0.9370 -1.9257 -0.0720 -0.0297 -6.5508 -0.0750 -0.0140 -0.0130 -1.1209 -0.0070 -0.1662 -0.0080 -0.2210 -0.0160 -0.4347 -1.6263 -0.1110 -0.0450 -1.6756 -2.1796 -1.1662 -0.0880 -0.1630 -0.0580 -0.0840 -2.6708 -6.2370 -0.0770 -0.1797 -4.2796 -0.0630 -0.0450
ZINC000577603040  -0.2076 -0.0050 -0.6682 -0.0470 -0.0310 -0.9880 -0.3804 -0.0540 -0.0560 -0.7215 -19.6090 -0.1230 -0.0230 -0.0070 -0.0110 -0.0310 -0.0884 -0.0220 -1.3058 -0.0300 -0.0400 -0.0610 -1.0432 -0.0390 -0.5318 -0.0590 -1.0261 -0.0410 -1.3249 -1.2122 -0.0450 -0.0740 -4.5003 -0.0380 -0.0140 -0.0310 -1.3483 -0.0110 -0.2191 -0.0120 -0.4785 -0.0150 -0.1997 -1.9391 -0.1195 -0.0170 -1.0744 -2.0450 -1.0838 -0.0990 -0.1817 -0.0640 -0.0190 -0.5974 -5.5192 -0.0760 -0.0180 -5.5625 -0.1120 -0.0537
ZINC000584028046  -0.1518 -0.0400 -0.9581 -0.0600 -0.0220 -1.4502 -1.0468 -0.0800 -0.0050 -1.6211 -18.6432 -0.1270 -0.0240 -0.0140 -0.0240 -0.0530 -0.3514 -0.0430 -2.9765 -0.0370 -0.0470 -0.0741 -0.5088 -0.0940 -1.2881 -0.0460 -1.0904 -0.0090 -0.8431 -1.3202 -0.0440 0.0740 -4.9881 -0.0600 -0.0050 0.0000 -1.3401 -0.0030 -0.1517 -0.0060 -0.1619 -0.0090 -0.0139 -1.2689 -0.0600 -0.0120 -0.6410 -1.7361 -0.9916 -0.0750 -0.0859 -0.0470 -0.0530 -1.8287 -5.4301 -0.0790 -0.0290 -5.3501 -0.0990 -0.0510
ZINC000589606863  -0.2112 -0.0440 -0.1582 -0.1110 -0.0120 -2.2285 -0.9565 -0.1110 -0.0130 -1.8618 -11.2769 -0.1010 -0.0340 -0.0190 -0.0250 -0.1565 -0.4481 -0.2194 -3.8615 -0.0480 -0.0640 -0.1180 -0.5566 -0.0730 -0.2233 -0.0530 -0.6815 -0.0560 -1.3327 -1.2814 -0.0390 -0.0850 -5.1613 -0.0440 -0.0120 -0.0210 -1.2348 -0.0040 -0.2814 -0.0080 -0.1983 -0.0130 -0.1268 -1.0513 -0.1038 -0.0200 -1.3605 -1.6566 -0.9484 -0.0500 -0.1830 -0.0750 0.0020 -2.2206 -5.2434 -0.0771 0.0275 -8.2441 -0.0970 -0.0400
ZINC000592403811  0.0081 -0.0490 -1.3843 -0.0350 -0.0540 -2.9255 -0.3851 -0.0830 -0.0370 -1.5939 -20.0554 -0.1260 -0.0310 -0.0050 -0.0430 -1.4327 -0.2550 -1.2005 -4.4519 -0.0420 -0.0860 -0.4882 -1.1023 0.0010 -0.7175 -0.0260 -0.7854 -0.0100 -0.0884 -0.7820 -0.0240 -0.0270 -2.3865 -0.0130 -0.0040 -0.0230 -0.0924 -0.0110 -0.0310 -0.0070 0.0370 -0.0070 -0.0400 -0.3355 -0.0230 -0.0180 -0.1860 -0.9217 -0.6890 -0.0800 -0.0587 -0.0270 -0.0910 -2.0196 -6.2130 -0.0790 -0.0850 -6.3581 -0.0930 -0.0390
ZINC000595632104  0.0020 -0.0300 -1.3019 -0.0390 -0.0220 -1.7501 -0.5526 -0.0760 -0.0180 -2.1316 -17.2484 -0.1470 -0.0670 -0.0140 -0.0560 -1.0989 -1.2380 -0.4771 -5.9101 -0.0990 -0.1030 -0.2585 -1.3843 -0.0130 -1.2054 -0.0360 -0.8465 -0.0250 -0.6177 -1.2148 -0.0400 -0.0886 -3.4953 -0.0220 -0.0090 -0.0310 -0.4807 -0.0100 -0.0530 -0.0090 -0.0170 -0.0120 -0.1601 -0.9061 -0.0220 -0.0330 -0.8474 -1.7792 -0.8881 -0.0670 -0.1209 -0.0420 -0.0410 -2.4285 -6.2598 -0.0780 -0.0850 -5.3009 -0.0440 -0.0430
ZINC000595790972  -0.1107 -0.0560 -2.0083 -0.0690 -0.0290 -3.0777 -1.1340 -0.0930 -0.0220 -2.8556 -24.1738 -0.1790 -0.0490 -0.0200 -0.0530 -1.1866 -1.2210 -0.5892 -4.8811 -0.0880 -0.0550 -0.1170 -1.1463 -0.0090 -0.9016 -0.0710 -1.7090 -0.0300 -1.1007 -1.6752 -0.0480 -0.0770 -1.8583 -0.0370 -0.0140 -0.0410 -0.4407 -0.0110 -0.1259 -0.0110 -0.0390 -0.0110 -0.0959 -0.6012 -0.0480 -0.0190 -1.0003 -1.5997 -0.4097 -0.1340 -0.1270 -0.0610 -0.0310 -0.9232 -7.1843 -0.0760 -0.0210 -6.2464 -0.1030 -0.0400
ZINC000605902355  -0.0419 -0.0600 -1.4693 -0.0400 -0.0690 -2.2162 -0.4655 -0.0420 -0.0460 -2.4522 -9.3876 -0.0900 -0.0090 -0.0150 -0.0580 -0.8297 -0.4626 -0.2216 -4.0820 -0.0690 -0.0670 -0.1220 -1.2222 -0.0270 -1.0104 -0.0620 -0.7676 -0.0340 -1.1474 -1.0502 -0.0340 -0.1026 -3.1319 -0.0260 -0.0120 -0.0330 -1.3972 -0.0120 -0.1246 -0.0110 -0.1571 -0.0130 -0.5176 -2.0680 -0.0703 -0.0280 -0.7667 -1.6675 -1.0419 -0.0930 -0.1771 -0.0740 -0.0090 -1.8057 -6.5296 -0.0900 -0.0870 -6.1912 -0.0480 -0.0500
ZINC000609803478  -0.1046 -0.0450 -1.7938 -0.0670 -0.0270 -2.3928 -0.5474 -0.0850 -0.0830 -2.5267 -7.2291 -0.1430 -0.0910 -0.0370 -0.0280 -0.1505 -0.8986 -0.0510 -3.7920 -0.0790 -0.0660 -0.0770 -1.4178 -0.1059 -0.7743 -0.1075 -1.5825 -0.0408 -1.2413 -2.1326 -0.0639 -0.0600 -5.3758 -0.0490 -0.0100 -0.0150 -1.1286 -0.0120 -0.2102 -0.0090 -0.4374 -0.0110 -0.1390 -1.9574 -0.0753 -0.0350 -0.8036 -1.5999 0.3272 -0.0900 -0.2050 -0.0830 -0.0130 -1.9108 -6.4013 -0.0983 -0.1022 -4.9330 -0.0420 -0.0571
ZINC000611661177  -0.0835 -0.0240 -1.5389 -0.0540 -0.0680 -2.7445 -0.9229 -0.0860 -0.0980 -2.5207 -14.3925 -0.1830 -0.0760 -0.0320 -0.0670 -0.4218 -1.3089 -0.2053 -4.9585 -0.0763 -0.0520 -0.1080 -0.7267 -0.0430 -1.1009 -0.0250 -1.6795 0.0010 -0.2989 -1.4196 -0.0410 0.0070 -5.9483 -0.0490 -0.0090 -0.0150 -0.1480 -0.0060 -0.0720 -0.0080 -0.0070 -0.0080 -0.0180 -0.1741 -0.0230 -0.0210 -0.0962 -1.1874 -0.9018 -0.0850 -0.1010 -0.0490 -0.0907 -1.1753 -7.0357 -0.0883 -0.1933 -4.3556 -0.1000 -0.0340
ZINC000617924178  -0.3441 -0.0200 -0.6038 -0.0200 -0.0250 -1.9337 -0.1507 -0.0340 -0.0040 -0.6308 -6.7355 -0.1050 -0.0280 -0.0250 -0.0110 -0.0120 -0.1886 -0.0080 -4.1416 -0.0660 -0.0480 -0.0540 -2.5022 0.0150 -1.3324 -0.0570 -1.1599 -0.0580 -1.2559 -1.7136 -0.0395 -0.1319 -0.9870 -0.0370 -0.0100 -0.0130 -0.9818 -0.0110 -0.1942 -0.0050 -0.6459 -0.0120 -0.1229 -2.5584 -0.1570 -0.0130 -1.3499 -1.8973 -1.0150 -0.1650 -0.3134 -0.1120 0.0200 -1.2054 -8.5197 -0.1070 -0.0260 -4.4709 -0.1720 -0.0330
ZINC000621202771  -0.0807 -0.0350 -3.2014 -0.0500 0.0120 -1.7954 -1.0847 -0.1020 0.0610 -0.5982 -18.4386 -0.1810 -0.0170 -0.0180 -0.0170 -0.0050 -0.4935 -0.0130 -3.6435 -0.0770 -0.0540 -0.0790 -1.2032 -0.0370 -0.8133 -0.0500 -1.1297 -0.0410 -1.2159 -1.3632 -0.0440 -0.0450 -5.0087 -0.0530 -0.0100 -0.0130 -1.8662 -0.0110 -0.2085 -0.0080 -0.3298 -0.0090 -0.1083 -1.7235 -0.0850 -0.0210 -1.0766 -1.8943 -0.9734 -0.0910 -0.2501 -0.0660 0.0030 -1.2133 -5.5803 -0.0739 -0.0945 -4.3794 -0.0440 -0.0642
ZINC000621267824  -0.0430 -0.0300 -0.0431 -0.0270 -0.0590 -2.4876 -0.6985 -0.0380 -0.1470 -2.1675 -4.3600 -0.0970 -0.1230 -0.0240 -0.0470 -1.0914 -1.0613 -0.5869 -3.9185 -0.0909 -0.0760 -0.2213 -1.0068 -0.0395 -1.3099 -0.0320 -1.1946 -0.0080 -0.0536 -0.8849 -0.0140 -0.0060 -3.0734 -0.0140 -0.0020 -0.0080 -0.1150 -0.0060 -0.0190 -0.0060 -0.0080 -0.0060 -0.0090 -0.1616 -0.0330 -0.0040 -0.1028 -1.4700 -0.8496 -0.1203 -0.1550 -0.0920 -0.0250 -1.8923 -7.2347 -0.1220 -0.0160 -5.9313 -0.1140 -0.0180
ZINC000624110289  -0.1979 -0.0450 -1.5239 -0.0930 -0.0490 -2.7927 -1.5537 -0.0990 -0.0510 -1.7954 -19.5903 -0.1270 -0.0420 -0.0130 -0.0240 -0.0740 -0.4663 -0.0522 -3.2683 -0.0530 -0.0420 -0.1320 0.2614 -0.1890 -1.6022 -0.0460 -1.4293 -0.0270 -1.2790 -1.6853 -0.0640 -0.0497 -9.0665 -0.0700 -0.0150 -0.0150 -1.6088 -0.0020 -0.1913 -0.0090 -0.1646 -0.0140 -0.1956 -1.0972 -0.0720 -0.0400 -1.3388 -2.0193 -1.4140 -0.0680 -0.1449 -0.0550 -0.0250 -1.6133 -2.0094 -0.0650 0.0110 -5.3184 -0.1100 -0.0400
ZINC000645238909  -0.0730 -0.0360 -1.2254 -0.0560 -0.0420 -2.6930 -0.6724 -0.0780 0.0280 -1.5284 -23.3086 -0.1240 0.0170 0.0020 -0.0480 -0.7569 -0.6776 -0.4273 -4.5684 -0.0620 -0.0630 -0.1430 -1.6743 0.0360 -1.4585 -0.0190 -1.1076 -0.0070 -0.0639 -0.9134 -0.0260 0.0030 -3.3470 -0.0290 -0.0050 -0.0040 -0.1477 0.0000 -0.0670 -0.0050 -0.0250 -0.0050 -0.0110 -0.1891 -0.0210 -0.0120 -0.0400 -0.8646 -0.5379 -0.1132 -0.1399 -0.0450 -0.0370 -1.8374 -5.7147 -0.0680 -0.0310 -4.9227 -0.0810 -0.0220
ZINC000656499190  -0.1897 -0.0740 -4.9991 -0.0540 -0.0180 -3.3768 -0.7591 -0.0810 0.0100 -1.7056 -21.2216 -0.1170 -0.0270 -0.0200 -0.0280 -0.0800 -0.3976 -0.1310 -4.0821 -0.0600 -0.0510 -0.1385 -0.5803 -0.0680 -0.5514 -0.0500 -1.3739 -0.0210 -1.1004 -1.6338 -0.0420 0.0056 -3.5502 -0.0600 -0.0080 0.0110 -3.9134 -0.0060 -0.2389 -0.0080 -0.1849 -0.0100 -0.0363 -2.1456 -0.0280 -0.0520 -0.9780 -2.3091 -1.3600 -0.0670 -0.1370 -0.0460 -0.0390 -1.6899 -5.0822 -0.0930 -0.1900 -5.5099 0.0070 -0.1033
ZINC000656714762  -0.0884 -0.0360 -1.2510 -0.0270 -0.0680 -3.4088 -0.4968 -0.0470 -0.0740 -2.2166 -9.8267 -0.1080 -0.0480 -0.0140 -0.0360 -0.5952 -0.3445 -0.2388 -3.6568 -0.0430 -0.0620 -0.0800 -0.9449 -0.0280 -1.0487 -0.0360 -1.2053 -0.0340 -0.5575 -1.1051 -0.0300 -0.0670 -7.4253 -0.0200 -0.0050 -0.0210 -0.7924 -0.0100 -0.0610 -0.0070 -0.0653 -0.0100 -0.0680 -0.7120 -0.0370 -0.0500 -0.4272 -1.3470 -0.8956 -0.0860 -0.1693 -0.0670 -0.0290 -1.2739 -6.0951 -0.0870 -0.0290 -7.4834 -0.1100 -0.0270
ZINC000657922756  -0.1870 -0.0290 0.0882 -0.0740 -0.0590 -3.1648 -0.6783 -0.0970 -0.0350 -2.1272 -20.9696 -0.1440 -0.0300 -0.0040 -0.0410 -0.7154 -0.5489 -0.7890 -4.6019 -0.0490 -0.0820 -0.3167 -0.9370 -0.0350 -1.1966 -0.0470 -1.1096 -0.0180 -0.9406 -1.6456 -0.0867 -0.2693 -5.2425 -0.0530 -0.0320 -0.0750 -3.6367 -0.0120 -0.1683 -0.0120 -0.1966 -0.0200 -0.6316 -1.6652 -0.1240 -0.0330 -1.4420 -2.0874 -1.0218 -0.0950 -0.1826 -0.0740 -0.0330 -2.4715 -6.7752 -0.0980 -0.0261 -5.0571 -0.1500 -0.0430
ZINC000657934399  -0.1430 -0.0840 -2.6385 -0.1080 -0.0620 -3.3785 -1.2472 -0.1170 -0.0100 -1.9944 -25.7190 -0.1520 0.0070 0.0130 -0.0390 -0.6430 -0.5273 -0.7491 -4.1657 -0.0540 -0.0750 -0.2991 -0.7158 -0.0150 -0.9710 -0.0580 -1.5174 -0.0274 -0.6327 -1.8070 -0.0640 0.0092 -5.1592 -0.0580 -0.0110 -0.0110 -1.3209 -0.0050 -0.1490 -0.0080 -0.1128 -0.0110 -0.1910 -1.3728 -0.0620 -0.0330 -1.3427 -2.3949 -1.2165 -0.0960 -0.1470 -0.0740 -0.0340 -1.6731 -6.4418 -0.1000 -0.0530 -5.8354 -0.0690 -0.0560
ZINC000659267272  -0.1796 -0.0590 -1.7155 -0.0620 -0.0350 -2.4182 -0.8299 -0.0860 -0.0270 -1.7715 -21.7830 -0.1800 -0.0400 -0.0210 -0.0380 -0.4088 -0.8602 -0.4147 -4.0281 -0.0910 -0.0480 -0.3067 -2.1718 -0.0611 -0.9584 -0.0370 -1.6701 -0.0070 -0.3827 -1.4014 -0.0460 0.0180 -3.6033 -0.0450 -0.0070 -0.0110 -0.9079 -0.0030 -0.1326 -0.0080 -0.1745 -0.0110 -0.0270 -0.9043 -0.0580 -0.0270 -0.4094 -1.6450 -0.8306 -0.1180 -0.0739 -0.0330 -0.0810 -1.9426 -6.8797 -0.0450 -0.0400 -5.3066 -0.1130 -0.0340
ZINC000661577595  -0.0813 -0.0220 -1.3576 -0.0330 -0.0420 -2.8223 -0.3619 -0.0520 -0.0460 -1.8214 -6.5865 -0.1210 -0.0620 -0.0290 -0.0190 -0.0914 -0.2790 -0.0909 -3.7637 -0.0590 -0.0590 -0.1234 -1.1425 -0.0060 -0.8162 -0.0380 -1.0519 -0.0250 -0.8269 -1.4268 -0.0450 -0.2020 -2.2391 -0.0210 -0.0170 -0.0550 -2.1609 -0.0140 -0.0949 -0.0120 -0.1178 -0.0170 -0.3185 -1.2047 -0.0670 -0.0540 -1.3112 -1.6461 -0.8799 -0.0960 -0.1720 -0.0680 -0.0270 -1.6282 -8.1031 -0.0890 -0.0400 -5.9216 -0.1060 -0.0390
ZINC000662335416  -0.0730 -0.0060 -0.6554 -0.0620 -0.0320 -2.4570 -0.7624 -0.0900 -0.0730 -1.6511 -13.2151 -0.1490 -0.0630 -0.0280 -0.0380 -0.0880 -1.0401 -0.0520 -3.9608 -0.0650 -0.0670 -0.1200 -0.9300 -0.0610 -0.7953 -0.0706 -1.6273 -0.0290 -0.7459 -1.9197 -0.0530 -0.1566 -6.4383 -0.0340 -0.0170 -0.0450 -1.0058 -0.0080 -0.1034 -0.0080 -0.0305 -0.0100 -0.1335 -0.2733 -0.0220 -0.0270 -0.8301 -1.2421 -1.0152 -0.1000 -0.3691 -0.1260 -0.0110 -0.1790 -7.9184 -0.1285 -0.0720 -5.0292 -0.0570 -0.0280
ZINC000665143541  -0.1225 -0.0070 -0.1017 -0.0620 -0.0700 -2.8382 -0.9970 -0.0650 -0.0890 -1.5215 -13.7768 -0.0930 -0.0570 -0.0160 -0.0350 -0.1146 -0.9119 -0.0864 -2.5362 -0.0551 -0.0670 -0.1760 1.7356 -0.2390 -0.7093 -0.0220 -0.8768 0.0020 -0.0862 -0.8409 -0.0280 0.0350 -8.2314 -0.0450 -0.0040 0.0020 0.0132 0.0010 -0.1023 -0.0050 -0.0732 -0.0060 0.0040 -0.2747 -0.0350 -0.0050 -0.1269 -0.9715 -0.5464 0.0020 -0.0624 -0.0110 -0.0580 -2.2657 -3.5225 -0.0540 -0.0230 -4.1414 -0.0930 -0.0180
ZINC000668631550  -0.0964 -0.0610 -1.5599 -0.0680 -0.0550 -3.7980 -1.1405 -0.0860 -0.0140 -2.3957 -22.7199 -0.1670 -0.0170 -0.0110 -0.0760 -1.0079 -0.9570 -0.2769 -4.0898 -0.0634 -0.0640 -0.1110 -0.8358 -0.0180 -1.1498 -0.0610 -1.4918 -0.0370 -1.4587 -1.6440 -0.0550 -0.0699 -3.2976 -0.0440 -0.0160 -0.0420 -0.3646 -0.0120 -0.1303 -0.0120 -0.0544 -0.0120 -0.1509 -1.0135 -0.0640 -0.0190 -1.2538 -1.7621 -0.9155 -0.0910 -0.0430 -0.0260 -0.0630 -1.2177 -5.8599 -0.0680 -0.0540 -4.9708 -0.1020 -0.0460
ZINC000669616349  -0.0410 0.0020 0.2233 -0.0490 -0.0690 -2.5920 -1.3065 -0.0760 -0.0690 -2.3635 -17.6984 -0.1130 -0.0390 -0.0130 -0.0230 -0.1308 -0.3426 -0.1274 -2.8960 -0.0300 -0.0600 -0.0940 -0.4747 -0.0920 -1.1394 -0.0590 -1.5621 -0.0290 -1.1796 -1.5277 -0.0430 -0.0310 -5.3462 -0.0410 -0.0100 -0.0190 -0.7719 -0.0070 -0.0696 -0.0090 -0.0551 -0.0120 -0.0820 -1.0479 -0.0620 -0.0410 -1.1481 -2.2624 -1.2772 -0.0590 -0.0940 -0.0470 -0.0560 -2.8776 -5.7970 -0.1000 -0.1210 -4.3488 -0.1040 -0.0350
ZINC000672564445  -0.0419 -0.0150 -0.5029 -0.0390 -0.0780 -2.9520 -0.4364 -0.0440 -0.1340 -2.3271 1.2033 -0.1050 -0.1010 -0.0420 -0.0400 -0.3566 -0.5546 -0.3645 -3.2742 -0.0300 -0.0540 -0.1646 0.2543 -0.1652 -1.3877 -0.0350 -1.6737 0.0110 -1.1276 -1.8171 -0.0460 0.0250 -6.9339 -0.0670 -0.0160 -0.0300 -1.3356 -0.0100 -0.0908 -0.0120 -0.0524 -0.0080 -0.0652 -0.9630 -0.0700 -0.0100 -1.1252 -1.7021 -1.1818 -0.0190 -0.0750 -0.0180 -0.0450 -2.1754 -3.5938 -0.0530 -0.0530 -5.0612 -0.1100 -0.0400
ZINC000676461131  -0.1449 -0.0620 -1.3867 -0.0720 -0.0861 -2.3495 -1.2532 -0.1000 -0.0725 -2.3333 -14.9430 -0.1080 -0.0710 -0.0230 -0.0420 -0.9753 -0.1549 -0.5491 -2.9025 -0.0210 -0.0620 -0.3334 -0.1975 -0.1060 -0.6278 -0.0350 -1.0664 -0.0180 -0.5790 -0.6108 -0.0360 -0.0090 -9.2058 -0.0460 -0.0070 -0.0110 -0.2973 -0.0040 -0.1075 -0.0080 -0.0500 -0.0090 -0.0290 -0.2097 -0.0210 -0.0340 -0.1444 -1.5267 -0.8457 -0.0470 -0.1330 -0.0530 -0.0330 -2.2919 -5.2527 -0.0880 -0.0350 -5.5114 -0.1160 -0.0320
ZINC000678272880  -0.1208 -0.0290 -4.1928 -0.0300 -0.0220 -1.6631 -0.6323 -0.0550 -0.0280 -1.6794 -6.5555 -0.1330 -0.0800 -0.0490 -0.0180 -0.0410 -0.4184 -0.0260 -3.9560 -0.0740 -0.0680 -0.0870 -1.0954 -0.0980 -1.4543 -0.0530 -1.5984 -0.0310 -0.9137 -1.6833 -0.0350 -0.0900 -4.0273 -0.0540 -0.0140 -0.0440 -1.0899 -0.0360 -0.5223 -0.0190 -1.2851 -0.0170 -0.1704 -0.9627 -0.0100 -0.0590 -0.7206 -2.1547 -1.3425 -0.0447 -0.1876 -0.0310 -0.0210 -1.6963 -2.6331 -0.0740 -0.1630 -5.3836 -0.0646 -0.1837
ZINC000681377109  -0.0240 -0.0300 -0.9595 -0.0270 -0.0400 -1.9161 -0.2094 -0.0430 -0.0320 -2.6367 -7.3251 -0.1040 -0.0230 -0.0160 -0.0650 -0.8312 -0.8633 -0.5091 -5.1917 -0.0960 -0.0640 -0.1952 -1.5933 0.0040 -1.2712 -0.0440 -1.1286 -0.0170 -0.4870 -0.9811 -0.0260 -0.0450 -0.5378 -0.0110 -0.0040 -0.0230 -0.3630 -0.0080 -0.0210 -0.0090 -0.0102 -0.0110 -0.0710 -0.2770 -0.0310 -0.0390 -0.6779 -1.4269 -1.0075 -0.1040 -0.1820 -0.0830 -0.0270 -1.9259 -8.7684 -0.0890 -0.0300 -5.1327 -0.0680 -0.0340
ZINC000683721842  -0.0710 -0.0450 -1.3118 -0.0350 -0.1299 -3.0787 -0.3543 -0.0270 -0.0310 -1.2278 -8.1311 -0.0570 -0.0270 -0.0230 -0.0320 -0.1955 -0.1760 -0.1658 -2.8880 -0.0340 -0.0240 -0.1812 -0.0798 -0.0980 -0.6366 -0.0340 -0.5301 -0.0460 -1.3509 -1.0483 -0.0310 -0.1232 -0.4646 -0.0070 -0.0120 -0.0400 -0.5677 -0.0130 -0.0580 -0.0080 -0.0867 -0.0110 -0.1714 -0.6703 -0.0340 -0.0590 -0.8454 -1.4155 -0.8173 -0.0050 -0.0580 -0.0240 -0.0800 -1.8164 -3.7743 -0.0603 -0.0631 -3.7794 -0.0660 -0.0310
ZINC000684407814  -0.0029 -0.0260 -2.3987 -0.0310 -0.0120 -2.1638 -0.4882 -0.0670 0.0010 -1.1948 -16.4422 -0.1440 -0.0440 -0.0200 -0.0130 -0.0360 -0.2891 -0.0310 -3.0088 -0.0490 -0.0510 -0.0740 -1.1746 -0.0390 -1.2651 -0.0630 -1.8349 -0.0210 -1.7643 -1.6022 -0.0660 0.0420 -3.8477 -0.0640 -0.0120 -0.0170 -1.5378 -0.0120 -0.1061 -0.0130 -0.0905 -0.0140 -0.2228 -1.8005 -0.0711 -0.0490 -0.9232 -2.2063 -1.2423 -0.0720 -0.1420 -0.0460 -0.0100 -1.4113 -5.9272 -0.0660 -0.0610 -5.2545 -0.0580 -0.0650
ZINC000684607185  -0.0905 -0.0060 -0.8606 -0.0490 -0.1060 -2.7251 -0.3686 -0.0450 -0.1880 -2.7492 -8.4761 -0.0890 -0.1080 -0.0190 -0.0872 -0.8640 -1.1906 -0.7482 -5.0944 -0.0464 -0.0760 -0.3198 -0.4467 -0.0650 -0.7896 -0.0300 -0.9565 -0.0130 -0.4834 -0.8689 -0.0210 -0.0210 -3.5450 -0.0260 -0.0050 -0.0160 -0.5354 -0.0060 -0.0620 -0.0080 -0.0584 -0.0090 -0.0400 -0.6374 -0.0380 -0.0240 -0.4339 -1.4612 -1.0034 -0.0610 -0.1661 -0.0610 -0.0750 -2.7492 -5.0829 -0.0910 -0.1521 -6.2851 -0.0990 -0.0330
ZINC000743860012  -0.0675 -0.0480 -1.5379 -0.0380 -0.0610 -2.7954 -0.6986 -0.0510 -0.0520 -1.3719 -13.0474 -0.1010 -0.0190 -0.0050 -0.0220 -0.2910 -0.1827 -0.5259 -3.6939 -0.0310 -0.0700 -0.1816 -1.2368 -0.0070 -0.8465 -0.0470 -1.0340 -0.0150 -0.8436 -1.0298 -0.0310 -0.0090 -6.4982 -0.0290 -0.0050 -0.0150 -0.9447 -0.0090 -0.0778 -0.0090 -0.1509 -0.0100 -0.0944 -1.5277 -0.0950 0.0010 -1.0344 -1.9204 -1.0775 -0.1156 -0.1539 -0.0510 -0.0190 -1.7600 -5.5442 -0.0780 -0.0790 -5.6236 -0.0790 -0.0420
ZINC000766031584  -0.0490 -0.0320 -1.5187 -0.0370 -0.0440 -2.4556 -0.9272 -0.0480 -0.0220 -0.8513 -14.8708 -0.1020 -0.0140 -0.0170 -0.0320 -0.1360 -0.4050 -0.0918 -3.1971 -0.0490 -0.0520 -0.1230 -0.4361 -0.0860 -1.2424 -0.0390 -1.0197 -0.0390 -1.4041 -1.2671 -0.0360 -0.0630 0.0069 -0.0070 -0.0070 -0.0340 -0.4102 -0.0130 -0.0521 -0.0100 -0.0180 -0.0110 -0.0999 -0.7484 -0.0490 -0.0390 -0.9317 -1.2909 -1.1249 -0.0570 -0.2091 -0.0650 -0.0260 -0.4825 -5.5916 -0.0830 -0.0490 -5.0198 -0.0820 -0.0270
ZINC000769519341  -0.0245 -0.0430 -2.4787 -0.0250 -0.0400 -2.2755 -0.7101 -0.0590 -0.0510 -3.0867 -16.1874 -0.0990 -0.0270 -0.0160 -0.1100 -1.1969 -1.3379 -0.8463 -6.5013 -0.0974 -0.0600 -0.2407 -0.8276 -0.0330 -0.9795 -0.0530 -0.9890 -0.0100 -0.9975 -1.2775 -0.0320 -0.0040 -5.7008 -0.0310 -0.0060 -0.0230 -0.8759 -0.0130 -0.0885 -0.0100 -0.1074 -0.0100 -0.1006 -1.6116 -0.0750 -0.0010 -0.9482 -1.6649 -0.8432 -0.1150 -0.2367 -0.0950 -0.0210 -1.8481 -6.8250 -0.1030 -0.0652 -4.5397 -0.0820 -0.0512
ZINC000775588849  -0.1946 -0.0220 -0.7394 -0.0310 -0.0590 -2.8270 -0.3420 -0.0230 -0.0740 -2.4896 -3.5061 -0.0760 -0.0480 -0.0320 -0.0240 -0.2561 -0.2044 -0.5066 -4.0456 -0.0580 -0.0640 -0.3065 -1.0016 -0.0650 -0.8767 -0.0470 -0.7331 -0.0310 -0.8643 -0.9206 -0.0190 -0.0690 -5.5174 -0.0220 -0.0070 -0.0290 -1.9060 -0.0110 -0.1454 -0.0100 -0.2849 -0.0180 -0.2957 -1.5026 -0.0643 -0.0460 -1.0799 -1.9118 -0.9754 -0.0890 -0.1969 -0.0910 -0.0190 -2.3200 -7.7793 -0.1130 -0.0010 -7.5269 -0.1230 -0.0441
ZINC000777733869  -0.0530 -0.0390 -0.8854 -0.0420 -0.0470 -3.0959 -0.8115 -0.0670 -0.0740 -1.6207 -16.3954 -0.1040 -0.0280 -0.0030 -0.0130 -0.0810 -0.1065 -0.0923 -3.4720 -0.0350 -0.0510 -0.1373 -1.5460 -0.0065 -1.1627 -0.0310 -1.2858 -0.0030 -0.1780 -0.9204 -0.0290 0.0270 -8.2357 -0.0390 -0.0030 0.0030 -0.3271 0.0000 -0.0615 -0.0050 -0.0340 -0.0060 -0.0050 -0.2041 -0.0300 -0.0040 -0.1694 -1.0968 -0.8587 -0.1261 -0.1905 -0.0650 -0.0360 -2.6285 -5.0362 -0.0790 -0.0815 -4.3024 -0.0680 -0.0190
ZINC000792998860  -0.1095 -0.0350 -1.0147 -0.0210 -0.0590 -3.4075 -0.6338 -0.0520 -0.0600 -1.5222 -15.1456 -0.1020 -0.0590 -0.0230 -0.0360 -0.9555 -0.4295 -0.4708 -4.5003 -0.0530 -0.0670 -0.1263 -1.0245 -0.0100 -1.1892 -0.0310 -0.3764 -0.0940 -1.3669 -1.0620 -0.0490 -0.3228 -5.5292 -0.0270 -0.0180 -0.0630 -2.2549 -0.0200 -0.0719 -0.0120 -0.1941 -0.0200 -0.6594 0.1125 -0.1230 -0.0590 -2.0078 -1.2663 -0.6860 -0.0730 -0.1648 -0.0570 -0.0360 -1.7235 -5.8856 -0.0780 -0.0370 -7.8375 -0.1460 -0.0410
ZINC000801571276  -0.1182 -0.0480 -1.2997 -0.0780 -0.0340 -2.5841 -1.2892 -0.0810 -0.0490 -1.4338 -18.5336 -0.1060 -0.0530 -0.0140 -0.0280 -0.2744 -0.5338 -0.3455 -4.5364 -0.0610 -0.0540 -0.2377 0.0786 -0.1330 -1.0548 -0.0540 -1.2668 -0.0310 -1.0325 -1.7694 -0.0470 -0.0239 -5.0762 -0.0510 -0.0110 -0.0170 -0.4176 -0.0060 -0.1569 -0.0100 -0.1390 -0.0130 -0.1329 -1.2990 -0.0290 -0.0600 -1.0681 -1.7948 -1.3278 -0.0760 -0.2266 -0.0760 -0.0310 -1.7591 -4.5168 -0.0680 -0.0690 -5.9283 -0.0410 -0.0560
ZINC000802379169  -0.1220 -0.1415 -1.2054 -0.0770 -0.0650 -3.9741 -1.2463 -0.1190 -0.0030 -1.9056 -23.9240 -0.1560 -0.0480 -0.0050 -0.0170 -0.3803 -0.5733 -0.9219 -3.7602 -0.0360 -0.0660 -0.2884 -0.2799 -0.0440 -1.2274 -0.0210 -1.4214 0.0060 -0.3710 -1.1359 -0.0470 0.0370 -8.2078 -0.0700 -0.0120 -0.0100 -0.4868 -0.0010 -0.1254 -0.0090 -0.0480 -0.0090 -0.0100 -0.3039 -0.0390 -0.0190 -0.2641 -1.5373 -0.9384 -0.0720 -0.0328 -0.0410 -0.0970 -2.1618 -5.0562 -0.1082 -0.0364 -4.2871 -0.1240 -0.0380
ZINC000805335094  -0.0560 -0.1230 -0.8538 -0.0360 -0.0076 -2.1031 -0.6567 -0.0850 0.0010 -2.8099 -18.9483 -0.1120 -0.0440 -0.0080 -0.0660 -1.3175 -0.4298 -0.4375 -2.7619 -0.0250 -0.0630 -0.2232 -1.5006 -0.0010 -1.5433 -0.0170 -0.9776 -0.0030 0.0070 -0.7086 -0.0210 0.0040 -2.4517 -0.0280 -0.0040 -0.0040 -0.0590 -0.0010 -0.0530 -0.0050 -0.0100 -0.0050 -0.0050 -0.0702 -0.0190 -0.0100 -0.0110 -0.6894 -0.4277 -0.1289 -0.2763 -0.0630 -0.0020 -1.8998 -6.0396 -0.0700 -0.0190 -3.9248 -0.0840 -0.0200
ZINC000809405032  -0.1595 -0.0530 -1.7179 -0.0840 -0.0770 -3.1497 -1.1601 -0.0920 -0.1080 -3.0508 -11.1780 -0.1160 -0.0640 -0.0170 -0.0540 -1.3253 -0.5053 -1.9574 -4.5044 -0.0500 -0.1090 -0.4961 -0.5384 -0.0420 -1.0422 -0.0370 -1.2976 -0.0030 -0.5463 -1.0154 -0.0390 0.0140 -7.3282 -0.0480 -0.0080 -0.0110 -0.2949 -0.0030 -0.1209 -0.0090 -0.0700 -0.0100 -0.0150 -0.2975 -0.0490 -0.0130 -0.4641 -1.4997 -1.1208 -0.0900 -0.0830 -0.0370 -0.0620 -1.7209 -5.0894 -0.0680 -0.0330 -4.4396 -0.1320 -0.0290
ZINC000819225653  -0.0814 -0.0410 -1.5972 -0.0270 -0.0690 -3.4794 -0.4502 -0.0500 -0.0870 -2.7649 -6.9676 -0.1120 -0.0730 -0.0280 -0.0170 -0.1564 -0.4079 -0.2148 -3.5975 -0.0380 -0.0710 -0.4110 -0.7724 -0.0680 -0.2970 -0.0450 -0.7810 -0.0070 -0.9644 -0.9737 -0.0240 -0.0070 -6.1780 -0.0300 -0.0060 -0.0210 -1.2598 -0.0140 -0.1261 -0.0090 -0.2595 -0.0120 -0.1297 -2.2337 -0.1080 0.0040 -1.2932 -2.0361 -0.9244 -0.0880 -0.2367 -0.0810 -0.0520 -1.2480 -7.1598 -0.1130 -0.0724 -6.7940 -0.1240 -0.0493
ZINC000820594289  -0.0560 -0.0180 -0.6907 -0.0450 -0.0350 -2.6722 -0.6621 -0.0740 -0.0600 -1.8042 -15.6528 -0.1050 -0.0990 -0.0130 -0.0360 -0.4588 -0.7530 -0.2744 -5.0858 -0.0830 -0.0640 -0.1710 -1.2129 -0.0290 -1.3104 -0.0140 -0.7092 -0.0030 0.0300 -0.4784 -0.0180 0.0090 -2.6308 -0.0230 -0.0010 -0.0020 -0.0600 0.0000 -0.0450 -0.0050 -0.0130 -0.0060 -0.0010 -0.0400 -0.0150 -0.0080 -0.0010 -0.4252 -0.1954 -0.0884 -0.1560 -0.0520 -0.0150 -2.2972 -6.9745 -0.0760 -0.0220 -4.5240 -0.0800 -0.0120
ZINC000825615260  0.1579 -0.0280 -3.3097 -0.0210 -0.0050 -1.4339 -0.3267 -0.0720 0.0270 -0.2153 -16.1547 -0.1720 -0.0290 -0.0160 -0.0090 -0.0070 -0.1161 -0.0110 -2.7257 -0.0510 -0.0610 -0.0590 -1.6904 -0.0082 -1.3650 -0.0890 -1.9380 -0.0280 0.0145 -1.9787 -0.0980 -0.6072 -6.5083 -0.0460 -0.0340 -0.1300 -3.0805 -0.0310 -0.1782 -0.0230 0.0679 -0.0460 -2.1394 -0.2168 0.0066 -0.1090 -1.7073 -1.8972 -1.0552 -0.1040 -0.1622 -0.0500 -0.0120 -1.3542 -5.9720 -0.0720 -0.1360 -5.5759 0.0350 -0.0880
ZINC000830877226  -0.0671 0.0440 -0.5822 -0.0340 -0.0700 -1.3269 -0.4464 -0.0530 -0.1390 -2.0275 -11.9244 -0.1170 -0.0880 -0.0210 -0.0170 -0.1050 -0.5650 -0.0720 -2.9795 -0.0500 -0.0500 -0.1240 -0.1586 -0.1030 -0.8205 -0.0360 -1.3865 -0.0100 -0.6808 -1.1750 -0.0300 0.0100 -4.6135 -0.0290 -0.0040 -0.0100 -0.2063 -0.0040 -0.0420 -0.0070 -0.0280 -0.0070 -0.0140 -0.1469 -0.0240 -0.0230 -0.2374 -1.0425 -0.9470 -0.0390 -0.1190 -0.0590 -0.0520 -2.4759 -5.7299 -0.0970 -0.0030 -6.1226 -0.1040 -0.0220
ZINC000839577413  -0.0139 -0.0300 -1.7603 -0.0490 -0.0400 -2.9471 -0.5952 -0.0610 -0.0330 -1.8570 -19.0412 -0.1190 -0.0400 -0.0210 -0.0220 -0.1081 -0.5026 -0.0828 -3.5454 -0.0620 -0.0580 -0.1200 -0.7790 -0.0330 -1.3085 -0.0730 -1.0970 -0.0447 -0.2697 -1.7708 -0.0389 -0.2187 -2.4118 -0.0060 -0.0160 -0.0630 -1.8924 -0.0130 -0.0766 -0.0150 0.0253 -0.0150 -0.2199 -1.0594 -0.0440 -0.0140 -1.4094 -2.1501 -1.2633 -0.1060 -0.1150 -0.0450 -0.0480 -2.1511 -5.6586 -0.0850 -0.0800 -5.8673 -0.0540 -0.0760
ZINC000843092160  -0.0128 -0.0430 -0.9057 -0.0280 -0.0690 -3.3170 -1.3496 -0.0760 -0.0180 -1.1949 -24.8212 -0.1260 -0.0040 0.0010 -0.0340 -0.3695 -0.3371 -0.3009 -2.8445 -0.0350 -0.0590 -0.1660 0.3142 -0.0820 -0.8142 -0.0600 -1.4278 -0.0370 -1.5846 -1.6207 -0.0590 -0.0630 -4.7377 -0.0390 -0.0110 -0.0230 -0.9023 -0.0100 -0.0484 -0.0080 -0.0240 -0.0110 -0.1199 -0.7247 -0.0450 -0.0410 -1.1721 -1.7813 -1.3059 -0.0600 -0.1210 -0.0540 -0.0370 -2.2270 -5.6775 -0.0760 -0.0800 -5.4388 -0.0780 -0.0300
ZINC000846106280  -0.0480 -0.0300 -1.1345 -0.0510 -0.0780 -3.4357 -0.6228 -0.0680 -0.0290 -2.5845 -17.5134 -0.1190 -0.0120 -0.0160 -0.0640 -1.0284 -0.5096 -0.5095 -3.5652 -0.0440 -0.0700 -0.1423 -0.8370 -0.0530 -1.0691 -0.0310 -1.1764 -0.0180 -0.3775 -1.1085 -0.0260 -0.0230 -2.3154 -0.0260 -0.0050 -0.0110 -0.2367 -0.0040 -0.0510 -0.0060 -0.0140 -0.0070 -0.0280 -0.1675 -0.0200 -0.0210 -0.2555 -1.1715 -1.0471 -0.0760 -0.1110 -0.0360 -0.0520 -1.9125 -5.3375 -0.0590 -0.0895 -4.2007 -0.0600 -0.0210
ZINC000872109019  -0.0881 -0.0190 -1.1735 -0.0640 -0.0510 -1.7356 -0.6182 -0.0880 -0.0640 -2.5165 -23.2523 -0.1310 -0.0620 -0.0160 -0.0510 -1.2719 -0.8901 -0.7479 -4.8963 -0.0590 -0.0890 -0.2026 -0.7024 -0.0720 -0.8553 -0.0370 -1.2846 -0.0240 -0.9277 -1.2919 -0.0370 -0.0260 -3.8736 -0.0410 -0.0080 -0.0170 -0.7264 -0.0040 -0.0793 -0.0080 -0.0570 -0.0100 -0.0630 -0.7114 -0.0400 -0.0310 -0.5509 -1.4731 -1.1930 -0.0410 -0.1060 -0.0360 -0.0440 -1.7025 -5.1544 -0.0620 -0.0300 -5.7537 -0.0990 -0.0320
ZINC000878084395  0.0126 -0.0410 -1.5289 -0.0100 -0.0590 -2.8932 -0.3435 -0.0120 -0.0480 -1.6399 -14.9435 -0.1070 -0.0200 -0.0080 -0.0160 -0.1336 -0.3263 -0.2173 -4.5060 -0.0590 -0.0630 -0.1479 -1.8109 0.0150 -1.2095 -0.0590 -1.0996 -0.0460 -1.5452 -1.4344 -0.0400 -0.1193 0.3707 -0.0050 -0.0080 -0.0400 -1.3405 -0.0170 -0.0265 -0.0110 -0.0274 -0.0140 -0.1907 -1.3990 -0.0610 -0.0360 -1.2903 -1.9252 -1.1407 -0.1274 -0.2321 -0.0920 -0.0210 -2.3897 -6.8443 -0.1120 -0.1010 -5.8006 -0.0820 -0.0380
ZINC000878406056  0.0824 -0.0530 -1.4717 -0.0070 -0.0320 -2.6616 -0.3420 -0.0200 -0.0400 -2.0383 -8.6893 -0.0900 -0.0480 -0.0270 -0.0180 -0.0790 -0.4043 -0.0530 -3.6390 -0.0630 -0.0620 -0.1120 -0.9661 -0.0530 -1.2446 -0.0630 -0.9051 -0.0630 -1.3573 -1.4834 -0.0350 -0.2441 -0.5788 0.0210 -0.0120 -0.0730 -1.0340 -0.0260 0.0013 -0.0150 0.0402 -0.0180 -0.3974 -1.2233 -0.0540 -0.0650 -1.4120 -2.0587 -1.2566 -0.0760 -0.1873 -0.0660 -0.0150 -0.9948 -5.8221 -0.0940 -0.0780 -7.6348 -0.0700 -0.0480
ZINC000886762228  -0.1010 -0.0620 -1.1499 -0.0760 -0.0610 -2.9199 -0.7841 -0.1090 -0.0050 -2.2443 -30.1428 -0.2130 0.0080 0.0030 -0.0530 -0.6076 -1.0902 -0.1933 -4.3813 -0.0870 -0.0440 -0.0940 -1.4165 0.0080 -1.0190 -0.0360 -1.2676 -0.0420 -1.5187 -1.6095 -0.0640 -0.0477 -6.2175 -0.0560 -0.0110 -0.0210 -1.2479 -0.0030 -0.1247 -0.0110 -0.0360 -0.0140 -0.2472 -0.4727 -0.0220 -0.0600 -0.4787 -1.5799 -1.1345 -0.1171 -0.1892 -0.0940 -0.0450 -1.7081 -6.8361 -0.1084 -0.0586 -4.2234 -0.0830 -0.0430
ZINC000886836194  -0.0350 -0.0320 -2.0477 -0.0420 -0.0660 -3.8409 -0.3783 -0.0540 -0.0530 -2.6674 -6.3339 -0.1000 -0.0330 -0.0220 -0.0350 -0.2239 -0.3761 -0.3253 -4.0692 -0.0730 -0.0580 -0.2600 0.0008 -0.0970 -1.3825 -0.0470 -1.2756 -0.0190 -1.1348 -1.4384 -0.0370 -0.0342 -2.5847 -0.0320 -0.0100 -0.0290 -0.6239 -0.0140 -0.1075 -0.0110 -0.1186 -0.0110 -0.1119 -1.2104 -0.0790 -0.0050 -1.1388 -1.8726 -1.1117 -0.0750 -0.0970 -0.0440 -0.0530 -2.7596 -4.7699 -0.0890 -0.0745 -5.1591 -0.1000 -0.0370
ZINC000892713700  -0.0160 -0.0410 -1.4102 -0.0200 -0.0460 -2.1730 -0.1434 -0.0360 -0.0230 -1.4920 -8.2936 -0.1020 -0.0370 -0.0170 -0.0480 -0.9099 -0.8677 -0.6346 -5.4060 -0.0930 -0.0760 -0.4309 -1.4991 0.0050 -1.2772 -0.0310 -1.2036 -0.0120 -0.1586 -0.9354 -0.0120 -0.0290 1.3122 0.0010 0.0000 -0.0110 0.0250 -0.0060 0.0010 -0.0040 0.0110 -0.0060 -0.0200 -0.0537 -0.0160 -0.0070 -0.0540 -0.8763 -0.6523 -0.1110 -0.1860 -0.0960 -0.0540 -2.8741 -8.5352 -0.1090 -0.0370 -5.6038 -0.0620 -0.0120
ZINC000893277758  -0.0280 -0.0190 -0.4511 -0.0340 -0.0540 -2.0713 -0.3031 -0.0440 -0.0280 -2.0056 -11.0221 -0.0850 -0.0190 -0.0190 -0.0620 -1.2403 -0.6433 -1.0165 -5.9421 -0.0680 -0.0950 -0.3684 -1.9343 0.0072 -1.2633 -0.0140 -0.5543 -0.0110 -0.0380 -0.2846 -0.0040 -0.0180 -0.2315 -0.0020 -0.0010 -0.0060 -0.0300 -0.0030 -0.0110 -0.0050 0.0040 -0.0040 -0.0100 -0.0240 -0.0100 -0.0080 -0.0040 -0.5024 -0.1793 -0.0905 -0.1263 -0.0570 -0.0480 -2.8249 -5.2466 -0.0960 -0.0340 -4.8007 -0.0630 -0.0090
ZINC000894101819  -0.1947 -0.0300 -2.8038 -0.0720 -0.0080 -2.0613 -1.0039 -0.0870 0.0210 -0.6571 -16.8203 -0.1460 -0.0250 -0.0210 -0.0140 -0.0160 -0.2489 -0.0190 -2.6181 -0.0480 -0.0510 -0.0730 -1.1405 -0.0200 -1.2599 -0.0730 -1.0534 -0.0798 -1.0278 -1.7918 -0.0736 -0.1828 -3.8582 -0.0740 -0.0100 0.0090 -5.3476 0.0040 -0.2042 -0.0050 -0.2028 -0.0130 -0.2008 -3.0376 -0.0540 -0.0580 -1.1039 -1.9751 -0.9661 -0.0760 -0.1370 -0.0330 -0.0060 -1.5643 -5.9649 -0.0540 -0.0870 -6.5016 -0.0540 -0.0992
ZINC000894427229  -0.7499 -0.0130 -4.1529 -0.0430 -0.0100 -2.0717 -0.6708 -0.0730 0.0170 -0.8321 -18.4636 -0.1470 -0.0410 -0.0260 -0.0110 -0.0270 -0.1738 -0.0280 -3.4944 -0.0500 -0.0590 -0.0880 -1.1704 -0.0360 -0.8782 -0.0570 -0.8895 -0.0757 -1.1607 -1.7473 -0.0676 -0.2345 -1.8183 -0.0440 -0.0150 -0.0410 -1.8513 -0.0190 -0.2744 -0.0080 -1.2117 -0.0200 -0.2265 -3.4690 -0.1080 -0.0560 -0.9181 -2.1661 -0.8311 -0.0740 -0.1656 -0.0270 -0.0120 -0.5565 -6.3355 -0.0690 -0.0760 -6.8814 -0.1800 -0.0426
ZINC000894429059  -0.1039 -0.0210 -1.8515 -0.0360 -0.0160 -1.9577 -0.5501 -0.0590 -0.0230 -0.9473 -7.6227 -0.1330 -0.0470 -0.0180 -0.0120 -0.0350 -0.1404 -0.0270 -3.4429 -0.0520 -0.0470 -0.0850 -1.5639 -0.0080 -0.8940 -0.0500 -1.1970 -0.0340 -0.8085 -1.5222 -0.0590 -0.1633 -3.5053 -0.0330 -0.0120 -0.0380 -1.6284 -0.0130 -0.1102 -0.0110 -0.1509 -0.0150 -0.2495 -0.8353 -0.0350 -0.0750 -1.3407 -1.5781 -0.9900 -0.0940 -0.2649 -0.0680 -0.0050 0.0260 -7.5429 -0.0780 -0.0570 -6.3406 -0.0640 -0.0557
ZINC000895657866  0.0065 -0.0400 -0.0359 -0.0320 -0.0530 -3.2977 -0.8002 -0.0510 -0.0430 -1.4153 -17.0726 -0.1270 -0.0190 -0.0050 -0.0190 -0.0812 -0.2590 -0.1022 -2.8526 -0.0360 -0.0470 -0.1162 -0.8377 -0.0440 -0.8684 -0.0510 -1.3372 -0.0230 -1.0188 -1.3746 -0.0490 -0.0711 -5.9617 -0.0240 -0.0110 -0.0430 -0.9515 -0.0150 -0.0564 -0.0120 -0.0310 -0.0130 -0.1823 -0.5359 -0.0620 -0.0350 -0.7712 -1.1731 -0.9730 -0.0830 -0.1120 -0.0500 -0.0440 -1.8295 -4.9906 -0.0790 -0.1030 -4.0751 -0.0620 -0.0370
ZINC000897616680  -0.1966 -0.0200 -1.4354 -0.0690 -0.0470 -2.4058 -0.6369 -0.0870 -0.0410 -1.9489 -19.2338 -0.1400 -0.0340 -0.0110 -0.0310 -0.2424 -0.5378 -0.2356 -3.7644 -0.0420 -0.0650 -0.0960 -0.8446 -0.0320 -1.2649 -0.0530 -1.0957 -0.0632 -1.0551 -1.6382 -0.0620 -0.1826 -5.2671 -0.0570 -0.0130 -0.0260 -0.9430 -0.0090 -0.1780 -0.0100 -0.3657 -0.0150 -0.3053 -2.0419 -0.1340 -0.0280 -1.6587 -1.5253 -1.0232 -0.0960 -0.1786 -0.0480 -0.0290 -1.5026 -5.7799 -0.0720 -0.0310 -5.8982 -0.1280 -0.0513
ZINC000911907143  -0.1290 -0.0160 -0.5267 -0.0760 -0.0340 -2.7094 -1.7546 -0.1190 -0.0440 -1.6604 -22.9132 -0.1300 -0.0720 -0.0090 -0.0100 -0.1472 -0.6235 -0.1180 -3.3772 -0.0490 -0.0390 -0.1700 -0.3461 -0.0530 -1.0797 -0.0290 -1.2083 -0.0030 -0.0664 -1.0703 -0.0370 0.0320 -8.6559 -0.0580 -0.0060 -0.0030 -0.3693 0.0000 -0.1250 -0.0060 -0.0720 -0.0070 -0.0050 -0.3860 -0.0450 -0.0100 -0.1516 -0.7983 -0.7580 -0.0740 -0.0470 -0.0140 -0.0600 -2.3582 -4.0706 -0.0360 -0.0530 -4.6233 -0.1200 -0.0270
ZINC000921927365  -0.2120 -0.0010 -0.8034 -0.0230 -0.0640 -2.3356 -0.2384 -0.0250 -0.1360 -2.4276 -8.7408 -0.1060 -0.0600 -0.0220 -0.0190 -0.0870 -0.4967 -0.0440 -2.7655 -0.0430 -0.0480 -0.0910 -0.4061 -0.0720 -1.0063 -0.0480 -1.5391 -0.0180 -1.2034 -1.5037 -0.0390 0.0094 -3.2504 -0.0420 -0.0060 0.0000 0.2149 -0.0060 -0.1253 -0.0060 -0.2932 -0.0130 -0.0756 -1.2840 -0.0940 -0.0280 -0.8616 -2.3510 -1.3153 -0.0680 -0.1450 -0.0720 -0.0440 -2.1300 -5.0309 -0.0870 -0.0915 -3.8776 -0.0850 -0.0310
ZINC000925887162  -0.0885 -0.0370 -1.5140 -0.0670 -0.0300 -1.8176 -1.0825 -0.0790 -0.0310 -1.5256 -16.2399 -0.1370 -0.0130 -0.0060 -0.0170 -0.0350 -0.1948 -0.0190 -2.7599 -0.0490 -0.0370 -0.0940 -0.4520 -0.0580 -0.9644 -0.0650 -1.7766 -0.0160 -1.8054 -1.8774 -0.0670 0.0920 -6.4549 -0.0860 -0.0060 0.0070 -1.0314 -0.0090 -0.2349 -0.0110 -0.1976 -0.0150 -0.5513 -1.8238 -0.0849 -0.0190 -0.8658 -2.2533 -0.8988 -0.0870 -0.1230 -0.0590 -0.0170 -1.7517 -5.4750 -0.0840 -0.0370 -4.8066 -0.0970 -0.0760
ZINC000932000298  -0.0162 -0.0310 -2.0898 -0.0340 -0.0680 -3.1260 -0.3324 -0.0590 -0.0250 -1.5762 -17.2269 -0.1530 -0.0250 -0.0170 -0.0470 -0.8099 -0.5438 -0.4332 -4.7995 -0.0890 -0.0630 -0.1430 -2.3956 0.0445 -0.9082 -0.0270 -1.1798 -0.0070 -0.2973 -1.1320 -0.0260 -0.0020 -0.1322 -0.0300 -0.0080 -0.0210 -0.7466 -0.0100 -0.0694 -0.0090 -0.0119 -0.0080 -0.0340 -0.8295 -0.0290 -0.0160 -0.4099 -1.4032 -0.6787 -0.1460 -0.2168 -0.0650 -0.0180 -1.9378 -6.6976 -0.0730 -0.1030 -4.6985 -0.0320 -0.0580
ZINC000932649435  -0.0716 0.0230 -0.8400 -0.0330 -0.0800 -1.7949 -0.3228 -0.0500 -0.1180 -1.9093 -5.6823 -0.1190 -0.0550 -0.0090 -0.0350 -1.3946 -0.1911 -1.0149 -4.4295 -0.0310 -0.0830 -0.6718 -1.7203 0.0360 -0.9125 -0.0520 -1.2510 -0.0260 -0.9871 -1.5917 -0.0480 0.0177 -3.4668 -0.0410 -0.0040 -0.0060 -1.1671 -0.0050 -0.0620 -0.0060 -0.0650 -0.0070 -0.0688 -0.5320 -0.0510 0.0050 -0.9103 -1.7108 -0.9444 -0.1370 -0.2440 -0.1030 -0.0170 -0.9424 -9.8080 -0.1030 -0.0040 -4.6246 -0.0980 -0.0230
ZINC000933438523  -0.0928 -0.0350 -2.7366 -0.0510 -0.0420 -2.0832 -0.4919 -0.0470 -0.0680 -1.7640 -4.5498 -0.0860 -0.0590 -0.0230 -0.0260 -0.1522 -0.2840 -0.2744 -4.8655 -0.0500 -0.0550 -0.2017 -1.0302 -0.0610 -1.1127 -0.0530 -1.1155 -0.0130 -0.8550 -1.1820 -0.0330 -0.0150 -3.0041 -0.0320 -0.0060 -0.0120 -1.9719 -0.0100 -0.1573 -0.0080 -0.1668 -0.0110 -0.1832 -1.4420 -0.0660 -0.0120 -1.0785 -2.1839 -1.1274 -0.1020 -0.2430 -0.0940 -0.0220 -0.8003 -7.8586 -0.0940 -0.0292 -7.0615 -0.0860 -0.0720
ZINC000934332177  -0.0822 -0.0140 -1.1828 -0.0540 -0.0220 -2.0664 -0.8501 -0.0720 -0.0450 -2.2102 -7.8573 -0.1000 -0.0630 -0.0220 -0.0240 -0.0740 -0.3589 -0.0728 -3.0868 -0.0390 -0.0550 -0.1280 0.9143 -0.1620 -1.0383 -0.0470 -0.8923 -0.0207 -0.7908 -1.2929 -0.0540 -0.0217 -5.6398 -0.0470 -0.0100 -0.0310 -2.7868 -0.0080 -0.1375 -0.0130 -0.0412 -0.0150 -0.4106 -0.7661 -0.0010 -0.0510 -0.4524 -1.6435 -0.8514 -0.0560 -0.1130 -0.0480 -0.0320 -1.5546 -4.3977 -0.0770 0.0180 -8.4740 -0.0920 -0.0670
ZINC000961091031  -0.1478 -0.0290 -1.3259 -0.0590 -0.0440 -2.2568 -0.7177 -0.0720 -0.0450 -1.8319 -7.9665 -0.1020 -0.0630 -0.0330 -0.0340 -0.7840 -0.3323 -0.9556 -5.1325 -0.0790 -0.0770 -0.6723 -0.8184 -0.0780 -1.4481 -0.0350 -0.5959 -0.0510 -1.0276 -0.7913 -0.0300 -0.1060 -3.3840 -0.0340 -0.0100 -0.0230 -0.3824 -0.0050 -0.0850 -0.0090 -0.0620 -0.0100 -0.0560 -0.3601 -0.0560 -0.0170 -0.5237 -1.2139 -0.7698 -0.0760 -0.2111 -0.0620 -0.0430 -2.7292 -4.7383 -0.1010 0.0170 -5.7740 -0.1760 -0.0250
ZINC001095312060  0.0111 -0.0250 -2.0611 -0.0410 -0.0450 -3.0778 -0.5902 -0.0800 -0.0790 -2.4968 -16.4009 -0.1520 -0.0930 -0.0220 -0.0710 -1.1865 -1.0828 -0.3775 -5.1213 -0.0710 -0.0840 -0.1450 -0.8097 -0.0370 -1.2783 -0.0590 -1.3238 -0.0130 -0.6755 -2.0547 -0.0560 0.1117 -3.0424 -0.0480 0.0000 0.0020 -2.4675 -0.0090 -0.0811 -0.0060 0.0027 -0.0060 -0.0635 -0.7504 -0.0020 -0.0010 -0.6366 -1.6243 -0.7890 -0.0934 -0.2880 -0.1040 -0.0260 -2.4286 -5.9071 -0.1178 -0.1902 -4.6554 0.0470 -0.0530
ZINC001096194954  -0.1105 -0.0350 -1.6179 -0.0730 -0.0450 -3.2202 -0.6673 -0.1160 -0.0410 -2.2906 -24.7043 -0.1850 -0.0850 -0.0210 -0.0280 -0.6657 -1.0943 -0.3024 -4.0210 -0.0591 -0.0510 -0.1080 -0.8377 -0.0300 -0.7064 -0.0470 -1.3242 -0.0150 -0.3591 -1.6835 -0.0600 -0.0930 -6.2532 -0.0540 -0.0180 -0.0420 -0.7715 -0.0080 -0.1276 -0.0120 -0.0350 -0.0140 -0.1869 -0.5564 -0.0360 -0.0270 -0.8128 -2.0407 -1.0323 -0.0970 -0.0980 -0.0610 -0.0710 -1.0807 -5.5203 -0.1177 -0.0330 -3.1912 -0.1480 -0.0520
ZINC001109713565  -0.1742 -0.0140 -1.6371 -0.0580 -0.0330 -2.8236 -0.9182 -0.0900 -0.0810 -2.0872 -20.0400 -0.1570 -0.1020 -0.0400 -0.0150 -0.1619 -0.5812 -0.1522 -5.2112 -0.0810 -0.0670 -0.1240 -1.6095 -0.0190 -1.0158 -0.0490 -1.3862 -0.0425 -0.9417 -2.1216 -0.0497 -0.1016 -3.4979 -0.0600 -0.0180 -0.0360 -1.7384 -0.0130 -0.2182 -0.0100 -0.2466 -0.0140 -0.0953 -1.0512 -0.0370 -0.0680 -0.9003 -1.6047 -1.1804 -0.0900 -0.1767 -0.0590 -0.0180 -2.4242 -7.1912 -0.0930 -0.1409 -6.0824 -0.0530 -0.0575
ZINC001168222793  -0.0517 -0.0340 -0.9892 -0.0460 -0.0540 -1.9438 -0.5189 -0.0690 -0.0730 -2.3260 -6.3915 -0.1845 -0.0580 -0.0110 -0.0680 -1.4324 -0.7747 -0.9370 -5.7650 -0.0660 -0.1030 -0.5116 -1.6644 0.0130 -1.2442 -0.0490 -1.6583 -0.0341 -1.0770 -1.4799 -0.0730 -0.0672 -4.7104 -0.0420 -0.0150 -0.0400 -1.1095 -0.0120 -0.0710 -0.0110 -0.0977 -0.0140 -0.3282 -1.1056 -0.0763 -0.0560 -0.9694 -1.6863 -1.0255 -0.1180 -0.2970 -0.0950 -0.0100 -2.7860 -8.6211 -0.0700 -0.1261 -5.1841 -0.0130 -0.0480
ZINC001169307444  -0.1980 -0.0280 -1.3482 -0.0840 -0.0150 -1.6914 -1.4301 -0.1210 0.0060 -1.4252 -26.6063 -0.1900 -0.0460 -0.0090 -0.0140 -0.0540 -0.4033 -0.0460 -2.1050 -0.0670 -0.0560 -0.0940 -0.8066 -0.0460 -1.1885 -0.0550 -1.2876 -0.0520 -1.2783 -1.5588 -0.0910 -0.2561 -8.6219 -0.0720 -0.0270 -0.0770 -0.9625 -0.0100 -0.1701 -0.0160 -0.1768 -0.0400 -0.8891 -1.4063 -0.0825 -0.1250 -1.7789 -1.2963 -1.1111 -0.0690 -0.1359 -0.0370 -0.0260 -1.3723 -6.3632 -0.0620 -0.0120 -6.6699 -0.1140 -0.0480
ZINC001170548029  -0.1077 -0.0320 -1.0947 -0.0400 -0.0550 -3.2153 -0.4374 -0.0480 -0.0430 -1.1684 -6.9277 -0.1030 -0.0220 -0.0100 -0.0210 -0.3636 -0.1555 -0.5307 -3.8068 -0.0450 -0.0610 -0.2119 -1.9649 0.0490 -0.9809 -0.0650 -1.1451 -0.0180 -0.9902 -1.3425 -0.0310 -0.0270 -2.4532 -0.0300 -0.0080 -0.0210 -1.0448 -0.0070 -0.1064 -0.0080 -0.1246 -0.0110 -0.0759 -1.1303 -0.0620 -0.0160 -0.7688 -1.6465 -1.1066 -0.1370 -0.2213 -0.1120 -0.0310 -2.0970 -10.2129 -0.1020 -0.0140 -5.4130 -0.0940 -0.0320
ZINC001196519317  -0.0647 -0.0380 -1.2031 -0.0510 -0.0390 -2.8844 -0.5390 -0.0730 -0.0080 -1.9627 -10.6970 -0.1250 -0.0270 -0.0220 -0.0390 -0.7732 -0.2679 -0.7191 -4.3909 -0.0560 -0.0740 -0.2643 -1.2092 -0.0440 -1.1230 -0.0440 -1.0495 -0.0340 -1.4228 -1.6430 -0.0520 -0.0850 -3.7460 -0.0500 -0.0160 -0.0370 -1.4312 -0.0100 -0.1094 -0.0110 -0.0636 -0.0150 -0.1836 -1.3525 -0.0570 -0.0540 -1.3430 -1.7262 -1.3885 -0.0730 -0.2072 -0.0380 -0.0400 -1.6818 -5.5334 -0.0550 -0.0710 -7.1086 -0.0850 -0.0530
ZINC001206651458  -0.0947 -0.0370 -2.5568 -0.0620 -0.0640 -3.2541 -0.5091 -0.1010 -0.0190 -1.8592 -11.3861 -0.1600 -0.0570 -0.0230 -0.0620 -1.6627 -0.5429 -0.7168 -4.0102 -0.0630 -0.0740 -0.2782 -0.6063 -0.0670 -0.6770 -0.0650 -1.7136 -0.0250 -1.0656 -1.6258 -0.0540 -0.0970 -6.3821 -0.0640 -0.0160 -0.0240 -0.9528 -0.0070 -0.1393 -0.0100 -0.1013 -0.0120 -0.2504 -1.1738 -0.0590 -0.0250 -0.8898 -1.2697 -1.2253 -0.0980 -0.2597 -0.0760 -0.0320 -1.3968 -5.9624 -0.0960 -0.0610 -5.3339 -0.0830 -0.0390
ZINC001237901728  -0.0205 -0.0180 -1.3567 -0.0480 -0.0470 -2.6954 -0.7431 -0.0760 -0.1150 -1.7926 -12.7394 -0.1290 -0.1210 -0.0300 -0.0220 -0.3168 -0.5263 -0.2469 -4.6068 -0.0570 -0.0580 -0.1770 -1.0008 -0.0520 -1.3311 -0.0440 -1.2044 -0.0120 -1.2682 -1.6669 -0.0480 0.0090 -4.3520 -0.0520 -0.0100 -0.0270 -0.4429 -0.0100 -0.0881 -0.0120 0.0030 -0.0110 -0.1220 -0.7421 -0.0280 -0.0180 -0.8537 -1.7004 -0.9308 -0.0791 -0.1472 -0.0450 -0.0190 -1.7574 -4.4958 -0.0690 -0.0230 -6.6505 -0.0830 -0.0540
ZINC001254761628  -0.0084 -0.0270 -1.7090 -0.0090 -0.0690 -3.0687 -0.0309 -0.0220 -0.0980 -2.8025 -9.8639 -0.1130 -0.0680 -0.0240 -0.0840 -0.9753 -1.0532 -0.3542 -5.0756 -0.0772 -0.0790 -0.1650 -1.2120 -0.0170 -1.1666 -0.0500 -0.9117 -0.0364 -0.3466 -1.3748 -0.0450 -0.0990 -0.9377 -0.0120 -0.0100 -0.0510 -2.2419 -0.0200 -0.0480 -0.0130 -0.0414 -0.0190 -0.4255 -0.7344 -0.0210 -0.0660 -1.0265 -1.5461 -0.7602 -0.0910 -0.2077 -0.0770 -0.0210 -1.9650 -6.6831 -0.0980 -0.0720 -5.5690 -0.0920 -0.0490
ZINC001307701283  -0.1686 -0.0330 -0.8355 -0.0740 -0.0070 -2.0298 -1.0326 -0.1070 0.0220 -2.4713 -24.5973 -0.1360 -0.0470 -0.0420 -0.0410 -0.0896 -1.0162 -0.0430 -3.4879 -0.0730 -0.0380 -0.1000 -0.3923 -0.1040 -1.0829 -0.0540 -1.9996 -0.0160 -0.9763 -1.7696 -0.0480 0.0060 -6.2430 -0.0580 -0.0090 -0.0080 -0.3754 0.0020 -0.1461 -0.0070 -0.0760 -0.0070 -0.0200 -0.3037 -0.0390 -0.0170 -0.3604 -1.3834 -1.1415 -0.0830 -0.0410 -0.0290 -0.0530 -1.7970 -4.6078 -0.0490 0.0270 -7.1791 -0.1100 -0.0340
ZINC001308961074  -0.1789 -0.0410 -1.9228 -0.0660 -0.0500 -2.2651 -1.0718 -0.0830 0.0070 -1.5930 -19.1263 -0.1390 0.0140 -0.0080 -0.0980 -1.6087 -0.9176 -0.5785 -4.1613 -0.0710 -0.0670 -0.1280 -0.7599 -0.0210 -0.9070 -0.0600 -1.1149 -0.0580 -1.1335 -1.6008 -0.0590 -0.1404 -4.3963 -0.0520 -0.0130 -0.0200 -1.1310 -0.0070 -0.1621 -0.0080 -0.2563 -0.0110 -0.1498 -1.3024 -0.1070 -0.0290 -1.1793 -1.8147 -1.0835 -0.0830 -0.1130 -0.0450 -0.0410 -1.7423 -4.9348 -0.0680 -0.0310 -6.2789 -0.1090 -0.0464
ZINC001320149247  0.0030 -0.0350 -1.2956 -0.0220 -0.0520 -3.6582 -0.2659 -0.0370 -0.0630 -1.5856 -11.8349 -0.0980 -0.0660 -0.0180 -0.0220 -0.1421 -0.7534 -0.0760 -2.7493 -0.0510 -0.0560 -0.0820 -1.0064 -0.0210 -1.4455 -0.0310 -0.9668 -0.0160 -0.1918 -0.8718 -0.0150 -0.0300 -3.3841 -0.0070 -0.0020 -0.0160 -0.2912 -0.0090 -0.0093 -0.0070 0.0220 -0.0070 -0.0330 -0.2029 -0.0200 -0.0170 -0.2062 -1.1014 -0.6292 -0.1020 -0.1670 -0.0640 -0.0250 -1.9253 -6.9860 -0.0940 -0.0840 -6.2120 -0.0800 -0.0240
ZINC001362573982  -0.1200 -0.0640 -1.6672 -0.0650 -0.0480 -2.2274 -0.9061 -0.0730 -0.0490 -1.6356 -8.0982 -0.0730 -0.0600 -0.0130 -0.0280 -1.0203 -0.2742 -1.2421 -4.7927 -0.0470 -0.1000 -1.6504 -1.1112 -0.0240 -0.9649 -0.0190 -0.6239 -0.0060 -0.0050 -0.3927 -0.0140 0.0020 -3.3785 -0.0270 -0.0030 -0.0070 -0.0965 -0.0010 -0.0860 -0.0050 -0.0400 -0.0060 -0.0040 -0.0891 -0.0280 -0.0090 -0.0200 -0.8990 -0.4014 -0.1040 -0.2435 -0.0880 -0.0080 -2.1630 -5.0039 -0.0970 0.0110 -6.0519 -0.1240 -0.0220
ZINC001376084945  -0.0378 -0.0640 -3.4574 -0.0590 -0.0300 -2.5462 -0.7615 -0.0710 -0.0040 -1.7231 -23.4641 -0.1320 -0.0080 -0.0120 -0.0200 -0.0723 -0.2898 -0.0712 -3.5860 -0.0510 -0.0560 -0.1120 -0.8407 -0.0320 -1.1174 -0.0700 -1.6574 -0.0698 -1.0464 -2.0563 -0.0966 -0.1522 -1.8152 -0.0554 -0.0150 -0.0360 -1.8507 -0.0200 -0.1765 -0.0170 -0.2505 -0.0240 -0.5025 -0.3171 -0.1227 -0.0550 -1.7193 -1.6783 -1.3531 -0.1060 -0.1450 -0.0620 -0.0220 -1.7726 -5.1298 -0.0780 -0.0510 -7.4847 -0.0310 -0.1844
ZINC001460312963  0.0177 -0.0290 -1.4904 -0.0210 -0.0420 -2.0878 -0.2708 -0.0460 -0.0910 -2.5163 -6.5420 -0.0930 -0.1060 -0.0230 -0.0490 -1.7250 -1.1576 -0.8107 -5.0074 -0.0883 -0.0740 -0.1874 -1.2286 -0.0340 -1.2850 -0.0300 -1.1876 -0.0130 -0.2227 -0.8518 -0.0140 -0.0300 -0.7655 -0.0040 -0.0030 -0.0170 0.0670 -0.0080 -0.0098 -0.0060 0.0440 -0.0070 -0.0300 -0.1033 -0.0140 -0.0140 -0.1199 -1.3621 -0.7955 -0.1189 -0.1850 -0.0860 -0.0100 -1.7497 -7.2880 -0.1180 -0.0250 -5.7132 -0.0790 -0.0250
ZINC001460371878  0.0663 -0.0530 -3.1239 -0.0110 -0.0510 -3.5404 -0.3802 -0.0420 -0.0100 -1.6097 -22.2714 -0.1290 -0.0140 -0.0130 -0.0250 -0.1545 -0.3443 -0.2105 -4.7878 -0.0720 -0.0690 -0.1786 -1.6481 -0.0070 -1.0193 -0.0600 -1.1015 -0.0520 -1.3351 -1.5082 -0.0400 -0.1783 -1.1324 0.0120 -0.0100 -0.0560 -0.9001 -0.0240 -0.0044 -0.0120 0.0461 -0.0150 -0.2938 -1.1681 -0.0410 -0.0470 -1.3292 -0.9597 -1.2655 -0.1102 -0.1854 -0.0700 -0.0200 -2.3233 -6.6030 -0.1000 -0.1410 -5.6357 -0.0600 -0.0480
ZINC001474404955  -0.0031 -0.0350 -2.7899 -0.0220 -0.0910 -3.4519 -0.2232 -0.0400 -0.1240 -2.3874 -6.4449 -0.0970 -0.0580 -0.0150 -0.0680 -1.2661 -1.0187 -0.5792 -3.1928 -0.0518 -0.0680 -0.1290 -0.6752 -0.0120 -1.1224 -0.0270 -0.9526 -0.0110 -0.0300 -0.8933 -0.0150 -0.0300 -1.6712 -0.0010 -0.0020 -0.0200 0.0695 -0.0110 -0.0167 -0.0060 0.0260 -0.0070 -0.0320 -0.1338 -0.0210 -0.0080 -0.1407 -0.9389 -0.4262 -0.1070 -0.1960 -0.0990 -0.0200 -1.5952 -8.4810 -0.1080 -0.0130 -5.7651 -0.0830 -0.0190
ZINC001525937517  -0.0433 -0.0240 -1.8126 -0.0550 -0.0260 -2.1441 -1.0045 -0.0790 -0.0320 -1.6614 -17.4796 -0.1540 -0.0430 -0.0150 -0.0190 -0.0600 -0.4549 -0.0360 -2.9364 -0.0490 -0.0550 -0.0780 -0.5739 -0.0450 -1.2975 -0.0570 -2.1396 -0.0500 -1.5599 -1.5318 -0.0600 -0.0713 -4.8428 -0.0480 -0.0100 -0.0260 -0.2055 -0.0140 -0.1592 -0.0140 -0.0940 -0.0160 -0.6731 -1.3014 -0.0410 -0.0410 -1.8352 -1.8806 -1.0020 -0.0740 -0.0990 -0.0520 -0.0190 -1.5294 -4.4083 -0.0790 -0.0370 -7.0534 -0.0440 -0.0880
ZINC001579778746  -0.1528 -0.0360 -1.2388 -0.0600 -0.0520 -3.2407 -0.6866 -0.0690 -0.0810 -2.6745 -15.0218 -0.1080 -0.0510 -0.0160 -0.0200 -0.0960 -0.3665 -0.0984 -3.1530 -0.0380 -0.0510 -0.1749 0.1245 -0.1070 -1.4569 -0.0510 -1.5430 -0.0130 -1.0964 -1.4414 -0.0470 -0.0090 -5.2033 -0.0490 -0.0100 -0.0170 -0.9741 -0.0060 -0.1083 -0.0090 -0.1106 -0.0130 -0.0785 -0.9794 -0.0730 -0.0200 -1.0319 -1.5221 -1.2621 -0.0910 -0.1540 -0.0750 -0.0270 -2.2381 -6.0172 -0.0850 0.0030 -6.2433 -0.1270 -0.0430
ZINC001580410121  -0.2683 -0.0580 -3.0106 -0.1540 -0.0020 -2.5167 -2.7701 -0.1400 -0.0160 -1.6581 -23.5486 -0.1130 -0.0390 -0.0060 -0.0170 -0.0570 -0.4244 -0.0480 -2.4622 -0.0380 -0.0420 -0.0780 -0.4101 -0.0490 -0.7772 -0.0510 -1.2562 0.0040 -1.0085 -1.5409 -0.0490 0.0758 -5.6758 -0.0630 -0.0050 0.0030 -1.8583 0.0040 -0.2350 -0.0050 -0.1410 -0.0090 -0.0736 -0.6569 -0.0250 -0.0150 -0.5625 -1.5027 -0.9467 -0.0800 -0.1000 -0.0160 -0.0580 -2.4561 -5.3928 -0.0200 -0.0968 -6.3936 -0.0780 -0.0370
