ID	Mutation	DG	Activity_Mutate	DGmut	Activity_WT	DGWT
3BT1_1	WT	-12.7293	0	0	0	0
3BT1_2	RU135A	-13.017	5.60E-10	-12.6211	9.10E-10	-12.3334
3BT1_3	KU137A	-12.0551	2.84E-09	-11.6591	9.10E-10	-12.3334
3BT1_4	RU140A	-12.3661	1.68E-09	-11.9702	9.10E-10	-12.3334
3BT1_5	HU141A	-12.0677	2.78E-09	-11.6718	9.10E-10	-12.3334
3BT1_6	RU143A	-12.309	1.85E-09	-11.9131	9.10E-10	-12.3334
3BT1_7	LU1A	-12.3869	8.20E-10	-12.3951	4.60E-10	-12.7376
3BT1_8	RU2A	-12.6344	5.40E-10	-12.6426	4.60E-10	-12.7376
3BT1_9	MU4A	-12.6919	4.90E-10	-12.7002	4.60E-10	-12.7376
3BT1_10	QU5A	-12.6682	5.10E-10	-12.6765	4.60E-10	-12.7376
3BT1_11	KU7A	-12.4557	7.30E-10	-12.464	4.60E-10	-12.7376
3BT1_12	TU8A	-12.5525	6.20E-10	-12.5608	4.60E-10	-12.7376
3BT1_13	NU9A	-12.4241	7.70E-10	-12.4324	4.60E-10	-12.7376
3BT1_14	GU10A	-12.4639	7.20E-10	-12.4722	4.60E-10	-12.7376
3BT1_15	DU11A	-12.7557	4.40E-10	-12.7639	4.60E-10	-12.7376
3BT1_16	RU13A	-12.4557	7.30E-10	-12.464	4.60E-10	-12.7376
3BT1_17	VU14A	-12.4477	7.40E-10	-12.4559	4.60E-10	-12.7376
3BT1_18	EU15A	-12.6128	5.60E-10	-12.6211	4.60E-10	-12.7376
3BT1_19	EU16A	-12.6454	5.30E-10	-12.6537	4.60E-10	-12.7376
3BT1_20	AU18S	-12.6567	5.20E-10	-12.665	4.60E-10	-12.7376
3BT1_21	LU19A	-12.5525	6.20E-10	-12.5608	4.60E-10	-12.7376
3BT1_22	GU20A	-12.7293	4.60E-10	-12.7376	4.60E-10	-12.7376
3BT1_23	QU21A	-12.4165	7.80E-10	-12.4247	4.60E-10	-12.7376
3BT1_24	DU22A	-12.4978	6.80E-10	-12.506	4.60E-10	-12.7376
3BT1_25	LU23A	-12.2693	1.00E-09	-12.2775	4.60E-10	-12.7376
3BT1_26	RU25A	-11.7124	2.56E-09	-11.7206	4.60E-10	-12.7376
3BT1_27	TU26A	-12.543	6.30E-10	-12.5513	4.60E-10	-12.7376
3BT1_28	TU27A	-11.8186	2.14E-09	-11.8268	4.60E-10	-12.7376
3BT1_29	IU28A	-12.6567	5.20E-10	-12.665	4.60E-10	-12.7376
3BT1_30	VU29A	-12.0135	1.54E-09	-12.0217	4.60E-10	-12.7376
3BT1_31	RU30A	-12.2693	1.00E-09	-12.2775	4.60E-10	-12.7376
3BT1_32	LU31A	-12.4165	7.80E-10	-12.4247	4.60E-10	-12.7376
3BT1_33	WU32A	-12.7424	4.50E-10	-12.7506	4.60E-10	-12.7376
3BT1_34	EU33A	-12.3518	8.70E-10	-12.36	4.60E-10	-12.7376
3BT1_35	EU34A	-12.3869	8.20E-10	-12.3951	4.60E-10	-12.7376
3BT1_36	GU35A	-12.4089	7.90E-10	-12.4172	4.60E-10	-12.7376
3BT1_37	EU36A	-12.6344	5.40E-10	-12.6426	4.60E-10	-12.7376
3BT1_38	EU37A	-12.6799	5.00E-10	-12.6882	4.60E-10	-12.7376
3BT1_39	LU38A	-12.2075	1.11E-09	-12.2157	4.60E-10	-12.7376
3BT1_40	EU39A	-12.5719	6.00E-10	-12.5802	4.60E-10	-12.7376
3BT1_41	LU40A	-11.8586	2.00E-09	-11.8669	4.60E-10	-12.7376
3BT1_42	VU41A	-12.2404	1.05E-09	-12.2486	4.60E-10	-12.7376
3BT1_43	EU42A	-12.9261	3.30E-10	-12.9344	4.60E-10	-12.7376
3BT1_44	KU43A	-12.5066	6.70E-10	-12.5148	4.60E-10	-12.7376
3BT1_45	SU44A	-12.5066	6.70E-10	-12.5148	4.60E-10	-12.7376
3BT1_46	TU46A	-12.2693	1.00E-09	-12.2775	4.60E-10	-12.7376
3BT1_47	HU47A	-12.3383	8.90E-10	-12.3466	4.60E-10	-12.7376
3BT1_48	SU48A	-12.3252	9.10E-10	-12.3334	4.60E-10	-12.7376
3BT1_49	EU49A	-12.7557	4.40E-10	-12.7639	4.60E-10	-12.7376
3BT1_50	KU50A	-12.0871	1.36E-09	-12.0954	4.60E-10	-12.7376
3BT1_51	TU51A	-12.0173	1.53E-09	-12.0256	4.60E-10	-12.7376
3BT1_52	NU52Q	-12.0959	1.34E-09	-12.1041	4.60E-10	-12.7376
3BT1_53	RU53A	-11.8411	2.06E-09	-11.8494	4.60E-10	-12.7376
3BT1_54	TU54A	-12.3383	8.90E-10	-12.3466	4.60E-10	-12.7376
3BT1_55	LU55A	-11.6184	3.00E-09	-11.6267	4.60E-10	-12.7376
3BT1_56	SU56A	-12.6799	5.00E-10	-12.6882	4.60E-10	-12.7376
3BT1_57	YU57A	-11.5288	3.49E-09	-11.537	4.60E-10	-12.7376
3BT1_58	RU58A	-12.7975	4.10E-10	-12.8058	4.60E-10	-12.7376
3BT1_59	TU59A	-12.1763	1.17E-09	-12.1845	4.60E-10	-12.7376
3BT1_60	GU60A	-12.4319	7.60E-10	-12.4401	4.60E-10	-12.7376
3BT1_61	LU61A	-12.8583	3.70E-10	-12.8666	4.60E-10	-12.7376
3BT1_62	KU62A	-12.3123	9.30E-10	-12.3205	4.60E-10	-12.7376
3BT1_63	IU63A	-12.6128	5.60E-10	-12.6211	4.60E-10	-12.7376
3BT1_64	TU64A	-12.0699	1.40E-09	-12.0782	4.60E-10	-12.7376
3BT1_65	SU65A	-12.4165	7.80E-10	-12.4247	4.60E-10	-12.7376
3BT1_66	LU66A	-11.3524	4.70E-09	-11.3607	4.60E-10	-12.7376
3BT1_67	TU67A	-12.543	6.30E-10	-12.5513	4.60E-10	-12.7376
3BT1_68	EU68A	-12.6799	5.00E-10	-12.6882	4.60E-10	-12.7376
3BT1_69	VU69A	-12.5066	6.70E-10	-12.5148	4.60E-10	-12.7376
3BT1_70	VU70A	-12.5819	5.90E-10	-12.5901	4.60E-10	-12.7376
3BT1_71	GU72A	-12.4891	6.90E-10	-12.4974	4.60E-10	-12.7376
3BT1_72	LU73A	-12.4978	6.80E-10	-12.506	4.60E-10	-12.7376
3BT1_73	DU74A	-12.4241	7.70E-10	-12.4324	4.60E-10	-12.7376
3BT1_74	LU75A	-12.2128	1.10E-09	-12.2211	4.60E-10	-12.7376
3BT1_75	QU78A	-12.4891	6.90E-10	-12.4974	4.60E-10	-12.7376
3BT1_76	GU79A	-12.5066	6.70E-10	-12.5148	4.60E-10	-12.7376
3BT1_77	NU80A	-12.5245	6.50E-10	-12.5328	4.60E-10	-12.7376
3BT1_78	SU81A	-12.4722	7.10E-10	-12.4804	4.60E-10	-12.7376
3BT1_79	GU82A	-12.6344	5.40E-10	-12.6426	4.60E-10	-12.7376
3BT1_80	VU83A	-12.4477	7.40E-10	-12.4559	4.60E-10	-12.7376
3BT1_81	TU84A	-12.8121	4.00E-10	-12.8204	4.60E-10	-12.7376
3BT1_82	YU85A	-12.4806	7.00E-10	-12.4889	4.60E-10	-12.7376
3BT1_83	SU86A	-12.4891	6.90E-10	-12.4974	4.60E-10	-12.7376
3BT1_84	RU87A	-12.4891	6.90E-10	-12.4974	4.60E-10	-12.7376
3BT1_85	SU88A	-12.5337	6.40E-10	-12.5419	4.60E-10	-12.7376
3BT1_86	RU89A	-12.4477	7.40E-10	-12.4559	4.60E-10	-12.7376
3BT1_87	YU90A	-12.5525	6.20E-10	-12.5608	4.60E-10	-12.7376
3BT1_88	LU91A	-12.8913	3.50E-10	-12.8995	4.60E-10	-12.7376
3BT1_89	EU92A	-12.5245	6.50E-10	-12.5328	4.60E-10	-12.7376
3BT1_90	IU94A	-12.543	6.30E-10	-12.5513	4.60E-10	-12.7376
3BT1_91	SU95A	-11.8586	2.00E-09	-11.8669	4.60E-10	-12.7376
3BT1_92	GU97A	-13.3932	1.50E-10	-13.4015	4.60E-10	-12.7376
3BT1_93	SU98A	-11.5728	3.24E-09	-11.5811	4.60E-10	-12.7376
3BT1_94	SU99A	-12.4319	7.60E-10	-12.4401	4.60E-10	-12.7376
3BT1_95	DU100A	-11.0373	8.00E-09	-11.0456	4.60E-10	-12.7376
3BT1_96	MU101A	-12.3187	9.20E-10	-12.3269	4.60E-10	-12.7376
3BT1_97	SU102A	-12.1184	1.29E-09	-12.1267	4.60E-10	-12.7376
3BT1_98	EU104A	-11.9145	1.82E-09	-11.9228	4.60E-10	-12.7376
3BT1_99	RU105A	-12.3252	9.10E-10	-12.3334	4.60E-10	-12.7376
3BT1_100	RU107A	-12.4639	7.20E-10	-12.4722	4.60E-10	-12.7376
3BT1_101	HU108A	-12.3123	9.30E-10	-12.3205	4.60E-10	-12.7376
3BT1_102	QU109A	-12.6454	5.30E-10	-12.6537	4.60E-10	-12.7376
3BT1_103	SU110A	-12.4806	7.00E-10	-12.4889	4.60E-10	-12.7376
3BT1_104	LU111A	-11.2647	5.45E-09	-11.273	4.60E-10	-12.7376
3BT1_105	QU112A	-12.8583	3.70E-10	-12.8666	4.60E-10	-12.7376
3BT1_106	RU114A	-12.5155	6.60E-10	-12.5237	4.60E-10	-12.7376
3BT1_107	SU115A	-12.7166	4.70E-10	-12.7249	4.60E-10	-12.7376
3BT1_108	PU116A	-12.9826	3.00E-10	-12.9908	4.60E-10	-12.7376
3BT1_109	EU117A	-13.0235	2.80E-10	-13.0317	4.60E-10	-12.7376
3BT1_110	EU118A	-12.7293	4.60E-10	-12.7376	4.60E-10	-12.7376
3BT1_111	QU119A	-12.7975	4.10E-10	-12.8058	4.60E-10	-12.7376
3BT1_112	LU121A	-12.2693	1.00E-09	-12.2775	4.60E-10	-12.7376
3BT1_113	DU122A	-11.9411	1.74E-09	-11.9494	4.60E-10	-12.7376
3BT1_114	VU123A	-11.9411	1.74E-09	-11.9494	4.60E-10	-12.7376
3BT1_115	VU124A	-11.9835	1.62E-09	-11.9917	4.60E-10	-12.7376
3BT1_116	TU125A	-11.7264	2.50E-09	-11.7347	4.60E-10	-12.7376
3BT1_117	HU126A	-12.3383	8.90E-10	-12.3466	4.60E-10	-12.7376
3BT1_118	WU127A	-13.1663	2.20E-10	-13.1746	4.60E-10	-12.7376
3BT1_119	IU128A	-13.045	2.70E-10	-13.0533	4.60E-10	-12.7376
3BT1_120	QU129A	-12.8271	3.90E-10	-12.8354	4.60E-10	-12.7376
3BT1_121	EU130A	-12.6919	4.90E-10	-12.7002	4.60E-10	-12.7376
3BT1_122	GU131A	-12.9444	3.20E-10	-12.9526	4.60E-10	-12.7376
3BT1_123	EU132A	-12.8913	3.50E-10	-12.8995	4.60E-10	-12.7376
3BT1_124	EU133A	-12.8746	3.60E-10	-12.8828	4.60E-10	-12.7376
3BT1_125	GU134A	-12.8121	4.00E-10	-12.8204	4.60E-10	-12.7376
3BT1_126	RU135A	-12.4806	7.00E-10	-12.4889	4.60E-10	-12.7376
3BT1_127	PU136A	-12.3941	8.10E-10	-12.4024	4.60E-10	-12.7376
3BT1_128	KU137A	-12.1093	1.31E-09	-12.1176	4.60E-10	-12.7376
3BT1_129	DU138A	-11.4333	4.10E-09	-11.4416	4.60E-10	-12.7376
3BT1_130	DU139A	-11.6808	2.70E-09	-11.6891	4.60E-10	-12.7376
3BT1_131	RU140A	-11.9244	1.79E-09	-11.9326	4.60E-10	-12.7376
3BT1_132	HU141A	-12.0915	1.35E-09	-12.0997	4.60E-10	-12.7376
3BT1_133	LU142A	-12.0058	1.56E-09	-12.0141	4.60E-10	-12.7376
3BT1_134	RU143A	-11.8103	2.17E-09	-11.8186	4.60E-10	-12.7376
3BT1_135	GU144A	-11.4784	3.80E-09	-11.4866	4.60E-10	-12.7376
3BT1_136	GU146A	-11.2891	5.23E-09	-11.2974	4.60E-10	-12.7376
3BT1_137	YU147A	-12.8425	3.80E-10	-12.8508	4.60E-10	-12.7376
3BT1_138	LU148A	-11.0669	7.61E-09	-11.0752	4.60E-10	-12.7376
3BT1_139	PU149A	-12.1324	1.26E-09	-12.1406	4.60E-10	-12.7376
3BT1_140	GU150A	-12.2128	1.10E-09	-12.2211	4.60E-10	-12.7376
3BT1_141	PU152A	-12.2693	1.00E-09	-12.2775	4.60E-10	-12.7376
3BT1_142	SU154A	-12.7693	4.30E-10	-12.7776	4.60E-10	-12.7376
3BT1_143	NU155A	-12.1277	1.27E-09	-12.1359	4.60E-10	-12.7376
3BT1_144	GU156A	-12.9632	3.10E-10	-12.9714	4.60E-10	-12.7376
3BT1_145	FU157A	-12.0291	1.50E-09	-12.0373	4.60E-10	-12.7376
3BT1_146	HU158A	-12.5245	6.50E-10	-12.5328	4.60E-10	-12.7376
3BT1_147	NU159A	-12.3586	8.60E-10	-12.3669	4.60E-10	-12.7376
3BT1_148	NU160Q	-12.3383	8.90E-10	-12.3466	4.60E-10	-12.7376
3BT1_149	DU161A	-12.8271	3.90E-10	-12.8354	4.60E-10	-12.7376
3BT1_150	TU162A	-12.8121	4.00E-10	-12.8204	4.60E-10	-12.7376
3BT1_151	FU163A	-11.6657	2.77E-09	-11.6739	4.60E-10	-12.7376
3BT1_152	HU164A	-11.7009	2.61E-09	-11.7092	4.60E-10	-12.7376
3BT1_153	FU165A	-12.6023	5.70E-10	-12.6106	4.60E-10	-12.7376
3BT1_154	LU166A	-11.9835	1.62E-09	-11.9917	4.60E-10	-12.7376
3BT1_155	KU167A	-12.4477	7.40E-10	-12.4559	4.60E-10	-12.7376
3BT1_156	NU170Q	-12.5525	6.20E-10	-12.5608	4.60E-10	-12.7376
3BT1_157	TU171A	-12.4557	7.30E-10	-12.464	4.60E-10	-12.7376
3BT1_158	TU172A	-12.3187	9.20E-10	-12.3269	4.60E-10	-12.7376
3BT1_159	KU173A	-12.037	1.48E-09	-12.0453	4.60E-10	-12.7376
3BT1_160	EU176A	-12.7041	4.80E-10	-12.7124	4.60E-10	-12.7376
3BT1_161	GU177A	-12.4015	8.00E-10	-12.4097	4.60E-10	-12.7376
3BT1_162	PU178A	-13.0027	2.90E-10	-13.0109	4.60E-10	-12.7376
3BT1_163	IU179A	-12.3656	8.50E-10	-12.3738	4.60E-10	-12.7376
3BT1_164	LU180A	-12.0574	1.43E-09	-12.0656	4.60E-10	-12.7376
3BT1_165	EU181A	-12.2693	1.00E-09	-12.2775	4.60E-10	-12.7376
3BT1_166	LU182A	-11.9983	1.58E-09	-12.0065	4.60E-10	-12.7376
3BT1_167	EU183A	-12.3383	8.90E-10	-12.3466	4.60E-10	-12.7376
3BT1_168	NU184A	-12.4015	8.00E-10	-12.4097	4.60E-10	-12.7376
3BT1_169	LU185A	-12.5245	6.50E-10	-12.5328	4.60E-10	-12.7376
3BT1_170	PU186A	-12.7424	4.50E-10	-12.7506	4.60E-10	-12.7376
3BT1_171	QU187A	-12.9084	3.40E-10	-12.9167	4.60E-10	-12.7376
3BT1_172	NU188A	-12.9632	3.10E-10	-12.9714	4.60E-10	-12.7376
3BT1_173	GU189A	-12.8271	3.90E-10	-12.8354	4.60E-10	-12.7376
3BT1_174	RU190A	-12.4089	7.90E-10	-12.4172	4.60E-10	-12.7376
3BT1_175	QU191A	-12.9261	3.30E-10	-12.9344	4.60E-10	-12.7376
3BT1_176	YU193A	-12.7975	4.10E-10	-12.8058	4.60E-10	-12.7376
3BT1_177	SU194A	-13.0027	2.90E-10	-13.0109	4.60E-10	-12.7376
3BT1_178	KU196A	-12.4806	7.00E-10	-12.4889	4.60E-10	-12.7376
3BT1_179	GU197A	-12.7041	4.80E-10	-12.7124	4.60E-10	-12.7376
3BT1_180	NU198Q	-12.7166	4.70E-10	-12.7249	4.60E-10	-12.7376
3BT1_181	SU199A	-12.8583	3.70E-10	-12.8666	4.60E-10	-12.7376
3BT1_182	TU200A	-12.9632	3.10E-10	-12.9714	4.60E-10	-12.7376
3BT1_183	HU201A	-12.7166	4.70E-10	-12.7249	4.60E-10	-12.7376
3BT1_184	GU202A	-13.14	2.30E-10	-13.1483	4.60E-10	-12.7376
3BT1_185	SU204A	-12.9444	3.20E-10	-12.9526	4.60E-10	-12.7376
3BT1_186	SU205A	-12.9444	3.20E-10	-12.9526	4.60E-10	-12.7376
3BT1_187	EU206A	-12.8425	3.80E-10	-12.8508	4.60E-10	-12.7376
3BT1_188	EU207A	-12.9826	3.00E-10	-12.9908	4.60E-10	-12.7376
3BT1_189	TU208A	-12.4978	6.80E-10	-12.506	4.60E-10	-12.7376
3BT1_190	FU209A	-12.5337	6.40E-10	-12.5419	4.60E-10	-12.7376
3BT1_191	LU210A	-13.2532	1.90E-10	-13.2614	4.60E-10	-12.7376
3BT1_192	IU211A	-12.5819	5.90E-10	-12.5901	4.60E-10	-12.7376
3BT1_193	DU212A	-12.7975	4.10E-10	-12.8058	4.60E-10	-12.7376
3BT1_194	RU214A	-12.7557	4.40E-10	-12.7639	4.60E-10	-12.7376
3BT1_195	GU215A	-12.8271	3.90E-10	-12.8354	4.60E-10	-12.7376
3BT1_196	PU216A	-12.8425	3.80E-10	-12.8508	4.60E-10	-12.7376
3BT1_197	MU217A	-11.7009	2.61E-09	-11.7092	4.60E-10	-12.7376
3BT1_198	NU218A	-12.9084	3.40E-10	-12.9167	4.60E-10	-12.7376
3BT1_199	QU219A	-12.7975	4.10E-10	-12.8058	4.60E-10	-12.7376
3BT1_200	LU221A	-12.4639	7.20E-10	-12.4722	4.60E-10	-12.7376
3BT1_201	VU222A	-13.2228	2.00E-10	-13.2311	4.60E-10	-12.7376
3BT1_202	AU223S	-12.9632	3.10E-10	-12.9714	4.60E-10	-12.7376
3BT1_203	TU224A	-12.9444	3.20E-10	-12.9526	4.60E-10	-12.7376
3BT1_204	GU225A	-12.0173	1.53E-09	-12.0256	4.60E-10	-12.7376
3BT1_205	TU226A	-12.7557	4.40E-10	-12.7639	4.60E-10	-12.7376
3BT1_206	HU227A	-12.4639	7.20E-10	-12.4722	4.60E-10	-12.7376
3BT1_207	EU228A	-12.5525	6.20E-10	-12.5608	4.60E-10	-12.7376
3BT1_208	PU229A	-12.6799	5.00E-10	-12.6882	4.60E-10	-12.7376
3BT1_209	KU230A	-12.4639	7.20E-10	-12.4722	4.60E-10	-12.7376
3BT1_210	NU231A	-12.3941	8.10E-10	-12.4024	4.60E-10	-12.7376
3BT1_211	QU232A	-12.6344	5.40E-10	-12.6426	4.60E-10	-12.7376
3BT1_212	SU233A	-12.9084	3.40E-10	-12.9167	4.60E-10	-12.7376
3BT1_213	YU234A	-12.543	6.30E-10	-12.5513	4.60E-10	-12.7376
3BT1_214	MU235A	-12.6799	5.00E-10	-12.6882	4.60E-10	-12.7376
3BT1_215	VU236A	-12.5719	6.00E-10	-12.5802	4.60E-10	-12.7376
3BT1_216	RU237A	-12.5337	6.40E-10	-12.5419	4.60E-10	-12.7376
3BT1_217	GU238A	-12.8121	4.00E-10	-12.8204	4.60E-10	-12.7376
3BT1_218	AU240S	-12.9084	3.40E-10	-12.9167	4.60E-10	-12.7376
3BT1_219	TU241A	-12.3797	8.30E-10	-12.3879	4.60E-10	-12.7376
3BT1_220	AU242S	-13.045	2.70E-10	-13.0533	4.60E-10	-12.7376
3BT1_221	SU243A	-12.7975	4.10E-10	-12.8058	4.60E-10	-12.7376
3BT1_222	MU244A	-12.6023	5.70E-10	-12.6106	4.60E-10	-12.7376
3BT1_223	QU246A	-12.2693	1.00E-09	-12.2775	4.60E-10	-12.7376
3BT1_224	HU247A	-12.6799	5.00E-10	-12.6882	4.60E-10	-12.7376
3BT1_225	AU248S	-12.6023	5.70E-10	-12.6106	4.60E-10	-12.7376
3BT1_226	HU249A	-12.4477	7.40E-10	-12.4559	4.60E-10	-12.7376
3BT1_227	LU250A	-12.3123	9.30E-10	-12.3205	4.60E-10	-12.7376
3BT1_228	GU251A	-12.5525	6.20E-10	-12.5608	4.60E-10	-12.7376
3BT1_229	DU252A	-12.6682	5.10E-10	-12.6765	4.60E-10	-12.7376
3BT1_230	AU253S	-12.5245	6.50E-10	-12.5328	4.60E-10	-12.7376
3BT1_231	FU254A	-11.8354	2.08E-09	-11.8436	4.60E-10	-12.7376
3BT1_232	SU255A	-12.5155	6.60E-10	-12.5237	4.60E-10	-12.7376
3BT1_233	MU256A	-11.9908	1.60E-09	-11.9991	4.60E-10	-12.7376
3BT1_234	NU257A	-12.9632	3.10E-10	-12.9714	4.60E-10	-12.7376
3BT1_235	HU258A	-12.6799	5.00E-10	-12.6882	4.60E-10	-12.7376
3BT1_236	IU259A	-12.592	5.80E-10	-12.6003	4.60E-10	-12.7376
3BT1_237	DU260A	-12.6235	5.50E-10	-12.6317	4.60E-10	-12.7376
3BT1_238	VU261A	-12.4891	6.90E-10	-12.4974	4.60E-10	-12.7376
3BT1_239	SU262A	-12.7975	4.10E-10	-12.8058	4.60E-10	-12.7376
3BT1_240	TU265A	-12.6682	5.10E-10	-12.6765	4.60E-10	-12.7376
3BT1_241	KU266A	-12.6344	5.40E-10	-12.6426	4.60E-10	-12.7376
3BT1_242	SU267A	-12.8746	3.60E-10	-12.8828	4.60E-10	-12.7376
3BT1_243	GU268A	-13.0235	2.80E-10	-13.0317	4.60E-10	-12.7376
3BT1_244	HU271A	-12.5819	5.90E-10	-12.5901	4.60E-10	-12.7376
3BT1_245	PU272A	-12.7424	4.50E-10	-12.7506	4.60E-10	-12.7376
3BT1_246	DU273A	-12.6799	5.00E-10	-12.6882	4.60E-10	-12.7376
					average	-12.7293
